680.00 278.00 215.00 252.00
766.00 290.50 1154.00 789.50
744.00 290.50 1176.00 789.50
775.00 290.50 1145.00 789.50
943.00 290.50 977.00 789.50
869.00 290.50 1051.00 789.50
792.00 290.50 1128.00 789.50
816.00 290.50 1104.00 789.50
674.00 290.50 1246.00 789.50
597.00 290.50 1323.00 789.50
581.00 290.50 1339.00 789.50
669.00 290.50 1251.00 789.50
602.00 290.50 1318.00 789.50
605.00 290.50 1315.00 789.50
625.00 290.50 1295.00 789.50
629.00 290.50 1291.00 789.50
602.00 291.00 1318.00 789.00
752.00 290.50 1168.00 789.50
654.00 290.50 1266.00 789.50
590.00 290.50 1330.00 789.50
767.00 290.50 1153.00 789.50
779.00 290.50 1141.00 789.50
690.00 290.50 1230.00 789.50
778.00 290.50 1142.00 789.50
525.00 290.50 1395.00 789.50
622.00 290.50 1298.00 789.50
550.00 290.50 1370.00 789.50
526.00 290.50 1394.00 789.50
693.00 290.50 1227.00 789.50
667.00 290.50 1253.00 789.50
640.00 290.50 1280.00 789.50
779.00 290.50 1141.00 789.50
917.00 290.50 1003.00 789.50
747.00 290.50 1173.00 789.50
579.00 290.50 1341.00 789.50
519.00 290.50 1401.00 789.50
517.00 290.50 1403.00 789.50
517.00 290.50 1403.00 789.50
518.00 295.50 1402.00 784.50
527.00 333.00 1393.00 747.00
662.00 290.50 1258.00 789.50
850.00 290.50 1070.00 789.50
805.00 290.50 1115.00 789.50
847.00 290.50 1073.00 789.50
764.00 290.50 1156.00 789.50
861.00 290.50 1059.00 789.50
951.50 290.50 968.50 789.50
946.00 290.50 974.00 789.50
890.00 290.50 1030.00 789.50
959.00 290.50 961.00 789.50
932.00 290.50 988.00 789.50
923.50 290.50 996.50 789.50
943.00 290.50 977.00 789.50
871.00 290.50 1049.00 789.50
842.00 290.50 1078.00 789.50
943.00 290.50 977.00 789.50
953.50 290.50 966.50 789.50
952.50 290.50 967.50 789.50
878.00 290.50 1042.00 789.50
919.00 290.50 1001.00 789.50
935.50 290.50 984.50 789.50
957.00 290.50 963.00 789.50
955.50 290.50 964.50 789.50
899.00 290.50 1021.00 789.50
957.00 290.50 963.00 789.50
952.50 290.50 967.50 789.50
960.00 290.50 960.00 789.50
955.50 290.50 964.50 789.50
958.00 290.50 962.00 789.50
958.00 290.50 962.00 789.50
947.00 290.50 973.00 789.50
959.00 290.50 961.00 789.50
947.00 290.50 973.00 789.50
953.50 290.50 966.50 789.50
959.00 290.50 961.00 789.50
959.00 290.50 961.00 789.50
955.50 290.50 964.50 789.50
950.50 290.50 969.50 789.50
949.50 290.50 970.50 789.50
939.50 290.50 980.50 789.50
957.00 290.50 963.00 789.50
940.50 290.50 979.50 789.50
959.00 290.50 961.00 789.50
960.00 290.50 960.00 789.50
958.00 290.50 962.00 789.50
956.00 290.50 964.00 789.50
955.50 290.50 964.50 789.50
958.00 290.50 962.00 789.50
944.00 290.50 976.00 789.50
959.00 290.50 961.00 789.50
959.00 290.50 961.00 789.50
958.00 290.50 962.00 789.50
958.00 290.50 962.00 789.50
956.00 290.50 964.00 789.50
955.50 290.50 964.50 789.50
953.50 290.50 966.50 789.50
958.00 290.50 962.00 789.50
960.00 290.50 960.00 789.50
960.00 290.50 960.00 789.50
960.00 290.50 960.00 789.50
960.00 290.50 960.00 789.50
960.00 290.50 960.00 789.50
955.50 290.50 964.50 789.50
960.00 290.50 960.00 789.50
875.00 290.50 1045.00 789.50
945.00 290.50 975.00 789.50
953.50 290.50 966.50 789.50
949.00 290.50 971.00 789.50
950.50 290.50 969.50 789.50
959.00 290.50 961.00 789.50
958.00 290.50 962.00 789.50
958.00 290.50 962.00 789.50
934.00 290.50 986.00 789.50
950.50 290.50 969.50 789.50
955.50 290.50 964.50 789.50
958.00 290.50 962.00 789.50
943.00 290.50 977.00 789.50
956.00 290.50 964.00 789.50
957.00 290.50 963.00 789.50
919.50 290.50 1000.50 789.50
945.00 290.50 975.00 789.50
954.50 290.50 965.50 789.50
922.50 290.50 997.50 789.50
950.50 290.50 969.50 789.50
897.00 290.50 1023.00 789.50
919.50 290.50 1000.50 789.50
926.00 290.50 994.00 789.50
685.00 290.50 1235.00 789.50
543.00 290.50 1377.00 789.50
524.00 290.50 1396.00 789.50
527.00 290.50 1393.00 789.50
595.00 290.50 1325.00 789.50
633.00 290.50 1287.00 789.50
715.00 290.50 1205.00 789.50
849.00 290.50 1071.00 789.50
807.00 290.50 1113.00 789.50
658.00 290.50 1262.00 789.50
542.00 290.50 1378.00 789.50
562.00 290.50 1358.00 789.50
530.00 290.50 1390.00 789.50
531.00 290.50 1389.00 789.50
523.00 290.50 1397.00 789.50
578.00 290.50 1342.00 789.50
548.00 290.50 1372.00 789.50
925.50 290.50 994.50 789.50
891.00 290.50 1029.00 789.50
556.00 290.50 1364.00 789.50
821.00 290.50 1099.00 789.50
592.00 290.50 1328.00 789.50
650.00 290.50 1270.00 789.50
775.00 290.50 1145.00 789.50
802.00 290.50 1118.00 789.50
828.00 290.50 1092.00 789.50
870.00 290.50 1050.00 789.50
720.00 290.50 1200.00 789.50
771.00 290.50 1149.00 789.50
574.00 290.50 1346.00 789.50
907.50 291.00 1012.50 789.00
532.00 290.50 1388.00 789.50
799.00 290.50 1121.00 789.50
736.00 290.50 1184.00 789.50
631.00 290.50 1289.00 789.50
890.00 290.50 1030.00 789.50
937.50 290.50 982.50 789.50
901.00 290.50 1019.00 789.50
944.00 290.50 976.00 789.50
842.00 290.50 1078.00 789.50
866.00 290.50 1054.00 789.50
768.00 290.50 1152.00 789.50
895.00 290.50 1025.00 789.50
913.00 290.50 1007.00 789.50
874.00 290.50 1046.00 789.50
893.00 290.50 1027.00 789.50
957.00 290.50 963.00 789.50
960.00 290.50 960.00 789.50
959.00 290.50 961.00 789.50
959.00 290.50 961.00 789.50
936.50 290.50 983.50 789.50
934.50 290.50 985.50 789.50
920.50 290.50 999.50 789.50
934.50 290.50 985.50 789.50
858.00 290.50 1062.00 789.50
916.00 290.50 1004.00 789.50
925.50 290.50 994.50 789.50
890.00 290.50 1030.00 789.50
914.00 290.50 1006.00 789.50
945.00 290.50 975.00 789.50
949.00 290.50 971.00 789.50
921.50 290.50 998.50 789.50
934.50 290.50 985.50 789.50
954.50 290.50 965.50 789.50
935.50 290.50 984.50 789.50
953.50 290.50 966.50 789.50
946.00 290.50 974.00 789.50
909.50 290.50 1010.50 789.50
802.00 290.50 1118.00 789.50
832.00 290.50 1088.00 789.50
954.50 290.50 965.50 789.50
669.00 290.50 1251.00 789.50
520.00 290.50 1400.00 789.50
559.00 290.50 1361.00 789.50
847.00 290.50 1073.00 789.50
959.00 290.50 961.00 789.50
956.00 290.50 964.00 789.50
958.00 290.50 962.00 789.50
959.00 290.50 961.00 789.50
958.00 290.50 962.00 789.50
946.00 290.50 974.00 789.50
937.50 290.50 982.50 789.50
949.00 290.50 971.00 789.50
910.50 290.50 1009.50 789.50
904.00 290.50 1016.00 789.50
947.00 290.50 973.00 789.50
938.50 290.50 981.50 789.50
958.00 290.50 962.00 789.50
822.00 290.50 1098.00 789.50
802.00 290.50 1118.00 789.50
831.00 290.50 1089.00 789.50
949.50 290.50 970.50 789.50
960.00 290.50 960.00 789.50
929.00 290.50 991.00 789.50
918.00 290.50 1002.00 789.50
871.00 290.50 1049.00 789.50
926.00 290.50 994.00 789.50
931.00 290.50 989.00 789.50
944.00 290.50 976.00 789.50
954.50 290.50 965.50 789.50
957.00 290.50 963.00 789.50
955.50 290.50 964.50 789.50
907.50 290.50 1012.50 789.50
947.00 290.50 973.00 789.50
955.50 290.50 964.50 789.50
957.00 290.50 963.00 789.50
950.50 290.50 969.50 789.50
959.00 290.50 961.00 789.50
957.00 290.50 963.00 789.50
952.50 290.50 967.50 789.50
949.50 290.50 970.50 789.50
956.00 290.50 964.00 789.50
960.00 290.50 960.00 789.50
959.00 290.50 961.00 789.50
959.00 290.50 961.00 789.50
949.50 290.50 970.50 789.50
958.00 290.50 962.00 789.50
958.00 290.50 962.00 789.50
953.50 290.50 966.50 789.50
947.00 290.50 973.00 789.50
949.50 290.50 970.50 789.50
954.50 290.50 965.50 789.50
959.00 290.50 961.00 789.50
957.00 290.50 963.00 789.50
957.00 290.50 963.00 789.50
919.00 290.50 1001.00 789.50
946.00 290.50 974.00 789.50
919.00 290.50 1001.00 789.50
910.50 290.50 1009.50 789.50
940.50 290.50 979.50 789.50
830.00 290.50 1090.00 789.50
950.50 290.50 969.50 789.50
956.00 290.50 964.00 789.50
842.00 290.50 1078.00 789.50
878.00 290.50 1042.00 789.50
939.50 290.50 980.50 789.50
902.00 290.50 1018.00 789.50
959.00 290.50 961.00 789.50
957.00 290.50 963.00 789.50
949.00 290.50 971.00 789.50
898.00 290.50 1022.00 789.50
921.50 290.50 998.50 789.50
877.00 290.50 1043.00 789.50
944.00 290.50 976.00 789.50
958.00 290.50 962.00 789.50
934.00 290.50 986.00 789.50
922.50 290.50 997.50 789.50
935.50 290.50 984.50 789.50
947.00 290.50 973.00 789.50
950.50 290.50 969.50 789.50
953.50 290.50 966.50 789.50
929.00 290.50 991.00 789.50
918.00 290.50 1002.00 789.50
951.50 290.50 968.50 789.50
876.00 290.50 1044.00 789.50
925.50 290.50 994.50 789.50
951.50 290.50 968.50 789.50
955.50 290.50 964.50 789.50
960.00 290.50 960.00 789.50
924.50 290.50 995.50 789.50
945.00 290.50 975.00 789.50
956.00 290.50 964.00 789.50
956.00 290.50 964.00 789.50
942.00 290.50 978.00 789.50
906.50 290.50 1013.50 789.50
838.00 290.50 1082.00 789.50
942.00 290.50 978.00 789.50
934.00 290.50 986.00 789.50
886.00 290.50 1034.00 789.50
947.00 290.50 973.00 789.50
752.00 290.50 1168.00 789.50
637.00 290.50 1283.00 789.50
755.00 290.50 1165.00 789.50
702.00 290.50 1218.00 789.50
804.00 290.50 1116.00 789.50
638.00 290.50 1282.00 789.50
678.00 290.50 1242.00 789.50
651.00 290.50 1269.00 789.50
733.00 290.50 1187.00 789.50
809.00 290.50 1111.00 789.50
604.00 290.50 1316.00 789.50
612.00 290.50 1308.00 789.50
560.00 290.50 1360.00 789.50
578.00 290.50 1342.00 789.50
518.00 290.50 1402.00 789.50
528.00 290.50 1392.00 789.50
522.00 290.50 1398.00 789.50
521.00 290.50 1399.00 789.50
518.00 290.50 1402.00 789.50
517.00 290.50 1403.00 789.50
534.00 290.50 1386.00 789.50
518.00 290.50 1402.00 789.50
517.00 290.50 1403.00 789.50
517.00 290.50 1403.00 789.50
517.00 290.50 1403.00 789.50
518.00 290.50 1402.00 789.50
523.00 290.50 1397.00 789.50
597.00 290.50 1323.00 789.50
518.00 290.50 1402.00 789.50
559.00 290.50 1361.00 789.50
555.00 290.50 1365.00 789.50
518.00 290.50 1402.00 789.50
518.00 290.50 1402.00 789.50
541.00 290.50 1379.00 789.50
537.00 290.50 1383.00 789.50
748.00 290.50 1172.00 789.50
559.00 290.50 1361.00 789.50
713.00 290.50 1207.00 789.50
846.00 290.50 1074.00 789.50
752.00 290.50 1168.00 789.50
867.00 290.50 1053.00 789.50
935.50 290.50 984.50 789.50
928.00 290.50 992.00 789.50
784.00 290.50 1136.00 789.50
591.00 290.50 1329.00 789.50
533.00 291.00 1387.00 789.00
566.00 290.50 1354.00 789.50
825.00 291.00 1095.00 789.00
917.00 290.50 1003.00 789.50
746.00 290.50 1174.00 789.50
869.00 290.50 1051.00 789.50
892.00 290.50 1028.00 789.50
941.00 290.50 979.00 789.50
863.00 290.50 1057.00 789.50
958.00 290.50 962.00 789.50
782.00 300.00 1138.00 780.00
909.50 290.50 1010.50 789.50
827.00 290.50 1093.00 789.50
770.00 291.50 1150.00 788.50
902.00 290.50 1018.00 789.50
830.00 290.50 1090.00 789.50
769.00 290.50 1151.00 789.50
783.00 290.50 1137.00 789.50
878.00 290.50 1042.00 789.50
748.00 290.50 1172.00 789.50
732.00 290.50 1188.00 789.50
926.00 290.50 994.00 789.50
952.50 290.50 967.50 789.50
861.00 290.50 1059.00 789.50
909.50 290.50 1010.50 789.50
821.00 290.50 1099.00 789.50
749.00 290.50 1171.00 789.50
862.00 290.50 1058.00 789.50
949.50 290.50 970.50 789.50
943.00 290.50 977.00 789.50
709.00 290.50 1211.00 789.50
956.00 290.50 964.00 789.50
956.00 290.50 964.00 789.50
901.00 290.50 1019.00 789.50
892.00 290.50 1028.00 789.50
945.00 290.50 975.00 789.50
724.00 290.50 1196.00 789.50
890.00 290.50 1030.00 789.50
835.00 290.50 1085.00 789.50
932.00 290.50 988.00 789.50
959.00 290.50 961.00 789.50
893.00 290.50 1027.00 789.50
805.00 290.50 1115.00 789.50
899.00 290.50 1021.00 789.50
923.50 290.50 996.50 789.50
557.00 290.50 1363.00 789.50
603.00 290.50 1317.00 789.50
518.00 290.50 1402.00 789.50
528.00 290.50 1392.00 789.50
521.00 290.50 1399.00 789.50
570.00 290.50 1350.00 789.50
532.00 290.50 1388.00 789.50
557.00 290.50 1363.00 789.50
593.00 290.50 1327.00 789.50
521.00 290.50 1399.00 789.50
792.00 290.50 1128.00 789.50
890.00 290.50 1030.00 789.50
578.00 290.50 1342.00 789.50
652.00 290.50 1268.00 789.50
815.00 290.50 1105.00 789.50
958.00 290.50 962.00 789.50
957.00 290.50 963.00 789.50
948.00 290.50 972.00 789.50
959.00 290.50 961.00 789.50
960.00 290.50 960.00 789.50
951.50 290.50 968.50 789.50
960.00 290.50 960.00 789.50
960.00 290.50 960.00 789.50
809.00 290.50 1111.00 789.50
959.00 290.50 961.00 789.50
946.00 290.50 974.00 789.50
532.00 290.50 1388.00 789.50
941.00 290.50 979.00 789.50
960.00 290.50 960.00 789.50
960.00 290.50 960.00 789.50
946.00 290.50 974.00 789.50
933.00 290.50 987.00 789.50
613.00 290.50 1307.00 789.50
638.00 290.50 1282.00 789.50
607.00 290.50 1313.00 789.50
525.00 290.50 1395.00 789.50
622.00 290.50 1298.00 789.50
548.00 290.50 1372.00 789.50
610.00 290.50 1310.00 789.50
518.00 290.50 1402.00 789.50
678.00 290.50 1242.00 789.50
945.00 290.50 975.00 789.50
774.00 290.50 1146.00 789.50
895.00 290.50 1025.00 789.50
710.00 293.50 1210.00 786.50
948.00 290.50 972.00 789.50
900.00 290.50 1020.00 789.50
946.00 290.50 974.00 789.50
718.00 290.50 1202.00 789.50
666.00 290.50 1254.00 789.50
518.00 290.50 1402.00 789.50
576.00 290.50 1344.00 789.50
661.00 290.50 1259.00 789.50
842.00 290.50 1078.00 789.50
542.00 290.50 1378.00 789.50
566.00 290.50 1354.00 789.50
777.00 290.50 1143.00 789.50
588.00 290.50 1332.00 789.50
827.00 290.50 1093.00 789.50
760.00 290.50 1160.00 789.50
902.00 290.50 1018.00 789.50
765.00 290.50 1155.00 789.50
616.00 290.50 1304.00 789.50
720.00 290.50 1200.00 789.50
729.00 290.50 1191.00 789.50
700.00 290.50 1220.00 789.50
704.00 290.50 1216.00 789.50
803.00 290.50 1117.00 789.50
875.00 290.50 1045.00 789.50
949.50 290.50 970.50 789.50
656.00 290.50 1264.00 789.50
794.00 290.50 1126.00 789.50
720.00 290.50 1200.00 789.50
712.00 290.50 1208.00 789.50
841.00 290.50 1079.00 789.50
795.00 290.50 1125.00 789.50
832.00 290.50 1088.00 789.50
721.00 290.50 1199.00 789.50
798.00 290.50 1122.00 789.50
739.00 290.50 1181.00 789.50
636.00 290.50 1284.00 789.50
677.00 290.50 1243.00 789.50
756.00 290.50 1164.00 789.50
868.00 290.50 1052.00 789.50
774.00 290.50 1146.00 789.50
667.00 290.50 1253.00 789.50
682.00 290.50 1238.00 789.50
941.00 290.50 979.00 789.50
920.50 290.50 999.50 789.50
956.00 290.50 964.00 789.50
942.00 290.50 978.00 789.50
915.00 290.50 1005.00 789.50
956.00 290.50 964.00 789.50
960.00 290.50 960.00 789.50
956.00 290.50 964.00 789.50
949.00 290.50 971.00 789.50
940.50 290.50 979.50 789.50
949.00 290.50 971.00 789.50
837.00 290.50 1083.00 789.50
708.00 290.50 1212.00 789.50
718.00 290.50 1202.00 789.50
768.00 290.50 1152.00 789.50
524.00 290.50 1396.00 789.50
560.00 290.50 1360.00 789.50
548.00 290.50 1372.00 789.50
522.00 290.50 1398.00 789.50
700.00 290.50 1220.00 789.50
826.00 290.50 1094.00 789.50
865.00 290.50 1055.00 789.50
911.00 290.50 1009.00 789.50
955.50 290.50 964.50 789.50
813.00 290.50 1107.00 789.50
953.50 290.50 966.50 789.50
