989.00 112.00 127.00 61.00
548.00 540.00 1372.00 540.00
521.00 540.00 1399.00 540.00
527.00 540.00 1393.00 540.00
526.00 540.00 1394.00 540.00
517.00 540.00 1403.00 540.00
517.00 540.00 1403.00 540.00
517.00 540.00 1403.00 540.00
519.00 540.00 1401.00 540.00
517.00 540.00 1403.00 540.00
518.00 540.00 1402.00 540.00
519.00 540.00 1401.00 540.00
517.00 540.00 1403.00 540.00
517.00 540.00 1403.00 540.00
517.00 540.00 1403.00 540.00
517.00 540.00 1403.00 540.00
533.00 540.00 1387.00 540.00
517.00 540.00 1403.00 540.00
518.00 540.00 1402.00 540.00
517.00 540.00 1403.00 540.00
526.00 540.00 1394.00 540.00
524.00 540.00 1396.00 540.00
523.00 540.00 1397.00 540.00
518.00 540.00 1402.00 540.00
518.00 540.00 1402.00 540.00
517.00 539.00 1403.00 541.00
517.00 540.00 1403.00 540.00
517.00 540.00 1403.00 540.00
517.00 540.00 1403.00 540.00
538.00 539.50 1382.00 540.50
517.00 540.00 1403.00 540.00
517.00 540.00 1403.00 540.00
518.00 540.00 1402.00 540.00
517.00 539.50 1403.00 540.50
518.00 540.00 1402.00 540.00
521.00 540.00 1399.00 540.00
517.00 540.00 1403.00 540.00
527.00 540.00 1393.00 540.00
517.00 319.00 1403.00 761.00
530.00 540.00 1390.00 540.00
517.00 540.00 1403.00 540.00
692.00 540.00 1228.00 540.00
548.00 540.00 1372.00 540.00
554.00 540.00 1366.00 540.00
521.00 540.00 1399.00 540.00
517.00 540.00 1403.00 540.00
517.00 540.00 1403.00 540.00
517.00 540.00 1403.00 540.00
518.00 533.00 1402.00 547.00
520.00 476.00 1400.00 604.00
518.00 407.50 1402.00 672.50
517.00 540.00 1403.00 540.00
517.00 540.00 1403.00 540.00
517.00 540.00 1403.00 540.00
533.00 314.50 1387.00 765.50
517.00 540.00 1403.00 540.00
518.00 540.00 1402.00 540.00
552.00 537.50 1368.00 542.50
528.00 468.00 1392.00 612.00
523.00 540.00 1397.00 540.00
518.00 540.00 1402.00 540.00
521.00 519.00 1399.00 561.00
523.00 432.00 1397.00 648.00
518.00 531.00 1402.00 549.00
544.00 540.00 1376.00 540.00
527.00 540.00 1393.00 540.00
517.00 540.00 1403.00 540.00
518.00 540.00 1402.00 540.00
517.00 540.00 1403.00 540.00
522.00 540.00 1398.00 540.00
534.00 540.00 1386.00 540.00
576.00 540.00 1344.00 540.00
648.00 334.00 1272.00 746.00
531.00 431.00 1389.00 649.00
628.00 305.00 1292.00 775.00
517.00 540.00 1403.00 540.00
523.00 523.00 1397.00 557.00
521.00 537.50 1399.00 542.50
624.00 350.00 1296.00 730.00
536.00 514.00 1384.00 566.00
698.00 540.00 1222.00 540.00
578.00 451.00 1342.00 629.00
522.00 523.00 1398.00 557.00
527.00 522.00 1393.00 558.00
566.00 302.50 1354.00 777.50
530.00 507.00 1390.00 573.00
518.00 522.00 1402.00 558.00
537.00 299.00 1383.00 781.00
530.00 299.00 1390.00 781.00
518.00 539.50 1402.00 540.50
518.00 537.50 1402.00 542.50
612.00 331.00 1308.00 749.00
543.00 313.00 1377.00 767.00
517.00 540.00 1403.00 540.00
563.00 519.00 1357.00 561.00
547.00 301.50 1373.00 778.50
519.00 380.00 1401.00 700.00
531.00 540.00 1389.00 540.00
519.00 539.00 1401.00 541.00
562.00 310.00 1358.00 770.00
517.00 540.00 1403.00 540.00
518.00 535.50 1402.00 544.50
532.00 306.00 1388.00 774.00
536.00 423.50 1384.00 656.50
519.00 539.00 1401.00 541.00
569.00 322.50 1351.00 757.50
519.00 532.00 1401.00 548.00
521.00 540.00 1399.00 540.00
564.00 508.50 1356.00 571.50
742.00 509.00 1178.00 571.00
662.00 540.00 1258.00 540.00
780.00 540.00 1140.00 540.00
528.00 540.00 1392.00 540.00
524.00 492.00 1396.00 588.00
532.00 301.50 1388.00 778.50
521.00 359.00 1399.00 721.00
749.00 539.50 1171.00 540.50
518.00 540.00 1402.00 540.00
556.00 368.00 1364.00 712.00
545.00 464.50 1375.00 615.50
607.00 318.00 1313.00 762.00
748.00 292.50 1172.00 787.50
749.00 399.00 1171.00 681.00
560.00 309.50 1360.00 770.50
911.00 314.00 1009.00 766.00
518.00 435.00 1402.00 645.00
535.00 527.00 1385.00 553.00
532.00 435.50 1388.00 644.50
527.00 447.00 1393.00 633.00
523.00 512.50 1397.00 567.50
721.00 528.00 1199.00 552.00
598.00 339.00 1322.00 741.00
539.00 540.00 1381.00 540.00
581.00 517.50 1339.00 562.50
573.00 529.50 1347.00 550.50
839.00 344.00 1081.00 736.00
545.00 351.00 1375.00 729.00
526.00 375.00 1394.00 705.00
532.00 540.00 1388.00 540.00
541.00 503.00 1379.00 577.00
558.00 529.50 1362.00 550.50
638.00 328.00 1282.00 752.00
517.00 540.00 1403.00 540.00
528.00 392.00 1392.00 688.00
618.00 330.00 1302.00 750.00
518.00 538.50 1402.00 541.50
627.00 450.00 1293.00 630.00
520.00 540.00 1400.00 540.00
519.00 462.00 1401.00 618.00
522.00 436.00 1398.00 644.00
788.00 291.50 1132.00 788.50
643.00 296.00 1277.00 784.00
701.00 471.00 1219.00 609.00
576.00 540.00 1344.00 540.00
713.00 507.00 1207.00 573.00
557.00 338.00 1363.00 742.00
577.00 290.50 1343.00 789.50
538.00 540.00 1382.00 540.00
532.00 497.00 1388.00 583.00
518.00 540.00 1402.00 540.00
518.00 540.00 1402.00 540.00
680.00 539.50 1240.00 540.50
528.00 540.00 1392.00 540.00
524.00 540.00 1396.00 540.00
749.00 415.50 1171.00 664.50
611.00 304.00 1309.00 776.00
518.00 519.00 1402.00 561.00
522.00 461.50 1398.00 618.50
521.00 454.50 1399.00 625.50
518.00 540.00 1402.00 540.00
518.00 536.00 1402.00 544.00
580.00 540.00 1340.00 540.00
805.00 540.00 1115.00 540.00
642.00 540.00 1278.00 540.00
568.00 539.50 1352.00 540.50
646.00 540.00 1274.00 540.00
533.00 540.00 1387.00 540.00
793.00 529.50 1127.00 550.50
702.00 539.50 1218.00 540.50
525.00 540.00 1395.00 540.00
532.00 540.00 1388.00 540.00
696.00 540.00 1224.00 540.00
660.00 540.00 1260.00 540.00
533.00 540.00 1387.00 540.00
850.00 539.00 1070.00 541.00
624.00 540.00 1296.00 540.00
537.00 540.00 1383.00 540.00
683.00 540.00 1237.00 540.00
522.00 503.00 1398.00 577.00
518.00 526.50 1402.00 553.50
519.00 536.00 1401.00 544.00
517.00 540.00 1403.00 540.00
521.00 539.50 1399.00 540.50
518.00 540.00 1402.00 540.00
518.00 540.00 1402.00 540.00
659.00 536.50 1261.00 543.50
710.00 300.50 1210.00 779.50
581.00 508.50 1339.00 571.50
559.00 322.00 1361.00 758.00
587.00 540.00 1333.00 540.00
583.00 528.00 1337.00 552.00
590.00 357.00 1330.00 723.00
518.00 540.00 1402.00 540.00
526.00 456.50 1394.00 623.50
575.00 304.50 1345.00 775.50
638.00 294.50 1282.00 785.50
541.00 531.00 1379.00 549.00
560.00 540.00 1360.00 540.00
605.00 469.00 1315.00 611.00
594.00 538.50 1326.00 541.50
525.00 539.00 1395.00 541.00
569.00 454.00 1351.00 626.00
631.00 514.00 1289.00 566.00
619.00 318.00 1301.00 762.00
518.00 540.00 1402.00 540.00
518.00 539.00 1402.00 541.00
742.00 539.50 1178.00 540.50
567.00 456.50 1353.00 623.50
523.00 527.50 1397.00 552.50
576.00 293.00 1344.00 787.00
572.00 384.00 1348.00 696.00
523.00 299.50 1397.00 780.50
631.00 439.50 1289.00 640.50
771.00 336.50 1149.00 743.50
723.00 504.50 1197.00 575.50
583.00 530.50 1337.00 549.50
578.00 540.00 1342.00 540.00
571.00 524.50 1349.00 555.50
565.00 308.50 1355.00 771.50
581.00 297.50 1339.00 782.50
642.00 511.00 1278.00 569.00
572.00 540.00 1348.00 540.00
565.00 540.00 1355.00 540.00
635.00 540.00 1285.00 540.00
517.00 540.00 1403.00 540.00
707.00 468.50 1213.00 611.50
558.00 336.50 1362.00 743.50
562.00 369.50 1358.00 710.50
518.00 408.00 1402.00 672.00
524.00 476.50 1396.00 603.50
569.00 293.50 1351.00 786.50
531.00 319.50 1389.00 760.50
582.00 310.50 1338.00 769.50
601.00 392.00 1319.00 688.00
569.00 363.50 1351.00 716.50
544.00 383.50 1376.00 696.50
528.00 539.00 1392.00 541.00
548.00 483.00 1372.00 597.00
707.00 338.50 1213.00 741.50
548.00 314.50 1372.00 765.50
566.00 499.50 1354.00 580.50
530.00 518.00 1390.00 562.00
644.00 310.00 1276.00 770.00
597.00 293.50 1323.00 786.50
561.00 509.00 1359.00 571.00
604.00 291.00 1316.00 789.00
646.00 297.00 1274.00 783.00
659.00 335.00 1261.00 745.00
615.00 499.00 1305.00 581.00
857.00 414.50 1063.00 665.50
686.00 537.00 1234.00 543.00
714.00 382.00 1206.00 698.00
817.00 505.50 1103.00 574.50
687.00 295.00 1233.00 785.00
527.00 473.00 1393.00 607.00
538.00 496.00 1382.00 584.00
575.00 413.50 1345.00 666.50
622.00 391.50 1298.00 688.50
523.00 339.00 1397.00 741.00
522.00 522.50 1398.00 557.50
812.00 359.00 1108.00 721.00
772.00 540.00 1148.00 540.00
688.00 513.50 1232.00 566.50
737.00 399.50 1183.00 680.50
641.00 292.50 1279.00 787.50
672.00 290.50 1248.00 789.50
801.00 292.50 1119.00 787.50
637.00 309.00 1283.00 771.00
540.00 489.00 1380.00 591.00
923.50 540.00 996.50 540.00
592.00 516.50 1328.00 563.50
655.00 540.00 1265.00 540.00
736.00 539.50 1184.00 540.50
839.00 539.50 1081.00 540.50
710.00 305.50 1210.00 774.50
667.00 298.50 1253.00 781.50
612.00 349.00 1308.00 731.00
613.00 497.00 1307.00 583.00
537.00 422.50 1383.00 657.50
575.00 540.00 1345.00 540.00
787.00 402.00 1133.00 678.00
589.00 540.00 1331.00 540.00
788.00 294.50 1132.00 785.50
616.00 306.50 1304.00 773.50
557.00 342.00 1363.00 738.00
575.00 540.00 1345.00 540.00
665.00 392.00 1255.00 688.00
555.00 310.00 1365.00 770.00
679.00 536.50 1241.00 543.50
548.00 304.50 1372.00 775.50
628.00 350.50 1292.00 729.50
616.00 540.00 1304.00 540.00
680.00 310.50 1240.00 769.50
545.00 290.50 1375.00 789.50
528.00 491.00 1392.00 589.00
569.00 536.00 1351.00 544.00
752.00 443.50 1168.00 636.50
660.00 387.00 1260.00 693.00
602.00 505.00 1318.00 575.00
656.00 537.00 1264.00 543.00
612.00 455.00 1308.00 625.00
862.00 538.00 1058.00 542.00
555.00 347.50 1365.00 732.50
565.00 357.50 1355.00 722.50
549.00 537.50 1371.00 542.50
536.00 501.50 1384.00 578.50
809.00 370.50 1111.00 709.50
705.00 539.50 1215.00 540.50
559.00 540.00 1361.00 540.00
699.00 540.00 1221.00 540.00
659.00 519.50 1261.00 560.50
709.00 533.50 1211.00 546.50
621.00 311.50 1299.00 768.50
524.00 538.00 1396.00 542.00
565.00 442.50 1355.00 637.50
590.00 357.50 1330.00 722.50
586.00 489.50 1334.00 590.50
521.00 540.00 1399.00 540.00
600.00 388.50 1320.00 691.50
712.00 532.00 1208.00 548.00
742.00 540.00 1178.00 540.00
631.00 537.50 1289.00 542.50
838.00 539.50 1082.00 540.50
619.00 347.50 1301.00 732.50
555.00 540.00 1365.00 540.00
541.00 540.00 1379.00 540.00
599.00 505.50 1321.00 574.50
695.00 455.50 1225.00 624.50
622.00 413.00 1298.00 667.00
565.00 540.00 1355.00 540.00
674.00 500.00 1246.00 580.00
582.00 319.50 1338.00 760.50
554.00 538.00 1366.00 542.00
661.00 538.50 1259.00 541.50
628.00 432.50 1292.00 647.50
556.00 504.00 1364.00 576.00
620.00 308.50 1300.00 771.50
526.00 538.50 1394.00 541.50
567.00 304.50 1353.00 775.50
912.00 291.00 1008.00 789.00
768.00 539.50 1152.00 540.50
522.00 539.50 1398.00 540.50
616.00 415.50 1304.00 664.50
675.00 328.00 1245.00 752.00
554.00 540.00 1366.00 540.00
578.00 529.00 1342.00 551.00
619.00 442.50 1301.00 637.50
525.00 540.00 1395.00 540.00
817.00 537.50 1103.00 542.50
608.00 421.50 1312.00 658.50
742.00 294.50 1178.00 785.50
525.00 540.00 1395.00 540.00
612.00 387.00 1308.00 693.00
622.00 537.50 1298.00 542.50
628.00 507.00 1292.00 573.00
543.00 482.50 1377.00 597.50
811.00 400.50 1109.00 679.50
888.00 505.00 1032.00 575.00
631.00 540.00 1289.00 540.00
787.00 291.00 1133.00 789.00
553.00 539.50 1367.00 540.50
601.00 491.00 1319.00 589.00
551.00 401.00 1369.00 679.00
520.00 540.00 1400.00 540.00
715.00 504.50 1205.00 575.50
646.00 394.50 1274.00 685.50
607.00 502.50 1313.00 577.50
679.00 339.50 1241.00 740.50
530.00 540.00 1390.00 540.00
564.00 539.50 1356.00 540.50
550.00 540.00 1370.00 540.00
682.00 329.50 1238.00 750.50
728.00 540.00 1192.00 540.00
546.00 535.50 1374.00 544.50
683.00 522.00 1237.00 558.00
529.00 540.00 1391.00 540.00
523.00 538.50 1397.00 541.50
533.00 501.50 1387.00 578.50
613.00 351.50 1307.00 728.50
617.00 540.00 1303.00 540.00
647.00 356.00 1273.00 724.00
559.00 358.00 1361.00 722.00
725.00 539.50 1195.00 540.50
673.00 540.00 1247.00 540.00
763.00 540.00 1157.00 540.00
879.00 537.50 1041.00 542.50
832.00 316.50 1088.00 763.50
626.00 395.50 1294.00 684.50
620.00 465.00 1300.00 615.00
579.00 539.50 1341.00 540.50
574.00 403.50 1346.00 676.50
580.00 539.00 1340.00 541.00
522.00 538.50 1398.00 541.50
554.00 540.00 1366.00 540.00
616.00 534.50 1304.00 545.50
708.00 539.50 1212.00 540.50
807.00 539.00 1113.00 541.00
536.00 539.00 1384.00 541.00
577.00 539.00 1343.00 541.00
526.00 521.50 1394.00 558.50
806.00 540.00 1114.00 540.00
594.00 540.00 1326.00 540.00
637.00 295.00 1283.00 785.00
744.00 533.00 1176.00 547.00
762.00 366.00 1158.00 714.00
737.00 397.00 1183.00 683.00
627.00 483.50 1293.00 596.50
699.00 539.50 1221.00 540.50
641.00 482.50 1279.00 597.50
687.00 540.00 1233.00 540.00
670.00 539.50 1250.00 540.50
593.00 540.00 1327.00 540.00
616.00 394.00 1304.00 686.00
734.00 341.50 1186.00 738.50
596.00 511.50 1324.00 568.50
660.00 298.00 1260.00 782.00
815.00 540.00 1105.00 540.00
807.00 511.50 1113.00 568.50
570.00 500.50 1350.00 579.50
650.00 415.00 1270.00 665.00
729.00 469.00 1191.00 611.00
600.00 462.00 1320.00 618.00
519.00 540.00 1401.00 540.00
684.00 538.50 1236.00 541.50
578.00 539.50 1342.00 540.50
859.00 539.50 1061.00 540.50
552.00 540.00 1368.00 540.00
855.00 540.00 1065.00 540.00
653.00 506.00 1267.00 574.00
693.00 384.50 1227.00 695.50
926.00 351.50 994.00 728.50
838.00 540.00 1082.00 540.00
538.00 540.00 1382.00 540.00
721.00 539.50 1199.00 540.50
943.00 309.00 977.00 771.00
623.00 540.00 1297.00 540.00
528.00 531.00 1392.00 549.00
687.00 290.50 1233.00 789.50
747.00 294.50 1173.00 785.50
581.00 539.50 1339.00 540.50
600.00 540.00 1320.00 540.00
585.00 540.00 1335.00 540.00
651.00 540.00 1269.00 540.00
585.00 539.50 1335.00 540.50
698.00 539.00 1222.00 541.00
692.00 540.00 1228.00 540.00
738.00 540.00 1182.00 540.00
622.00 528.00 1298.00 552.00
586.00 307.00 1334.00 773.00
562.00 534.50 1358.00 545.50
721.00 292.50 1199.00 787.50
548.00 532.00 1372.00 548.00
536.00 539.00 1384.00 541.00
542.00 540.00 1378.00 540.00
592.00 526.00 1328.00 554.00
703.00 519.50 1217.00 560.50
921.50 525.00 998.50 555.00
582.00 340.50 1338.00 739.50
718.00 531.00 1202.00 549.00
672.00 293.00 1248.00 787.00
728.00 528.50 1192.00 551.50
767.00 445.50 1153.00 634.50
592.00 511.50 1328.00 568.50
612.00 540.00 1308.00 540.00
642.00 327.50 1278.00 752.50
556.00 370.00 1364.00 710.00
610.00 323.50 1310.00 756.50
566.00 331.50 1354.00 748.50
689.00 389.00 1231.00 691.00
701.00 540.00 1219.00 540.00
792.00 540.00 1128.00 540.00
633.00 540.00 1287.00 540.00
887.00 434.50 1033.00 645.50
524.00 522.00 1396.00 558.00
518.00 540.00 1402.00 540.00
562.00 468.00 1358.00 612.00
848.00 290.50 1072.00 789.50
788.00 540.00 1132.00 540.00
612.00 540.00 1308.00 540.00
577.00 479.50 1343.00 600.50
665.00 525.00 1255.00 555.00
523.00 540.00 1397.00 540.00
544.00 540.00 1376.00 540.00
546.00 522.50 1374.00 557.50
791.00 343.50 1129.00 736.50
730.00 540.00 1190.00 540.00
685.00 540.00 1235.00 540.00
875.00 540.00 1045.00 540.00
845.00 540.00 1075.00 540.00
578.00 355.00 1342.00 725.00
