919.00 472.00 145.00 184.00
959.00 291.50 961.00 788.50
954.50 540.00 965.50 540.00
954.50 540.00 965.50 540.00
925.50 540.00 994.50 540.00
841.00 540.00 1079.00 540.00
949.00 540.00 971.00 540.00
818.00 526.00 1102.00 554.00
951.50 538.00 968.50 542.00
907.50 539.00 1012.50 541.00
702.00 540.00 1218.00 540.00
942.00 536.00 978.00 544.00
921.50 290.50 998.50 789.50
960.00 290.50 960.00 789.50
959.00 290.50 961.00 789.50
960.00 290.50 960.00 789.50
960.00 290.50 960.00 789.50
926.00 540.00 994.00 540.00
843.00 540.00 1077.00 540.00
921.50 540.00 998.50 540.00
816.00 540.00 1104.00 540.00
601.00 540.00 1319.00 540.00
517.00 540.00 1403.00 540.00
518.00 539.50 1402.00 540.50
517.00 540.00 1403.00 540.00
517.00 540.00 1403.00 540.00
517.00 540.00 1403.00 540.00
517.00 540.00 1403.00 540.00
557.00 540.00 1363.00 540.00
521.00 540.00 1399.00 540.00
917.00 540.00 1003.00 540.00
677.00 540.00 1243.00 540.00
676.00 540.00 1244.00 540.00
904.00 540.00 1016.00 540.00
831.00 540.00 1089.00 540.00
579.00 319.00 1341.00 761.00
517.00 540.00 1403.00 540.00
577.00 540.00 1343.00 540.00
946.00 531.50 974.00 548.50
814.00 539.50 1106.00 540.50
959.00 540.00 961.00 540.00
938.50 540.00 981.50 540.00
845.00 540.00 1075.00 540.00
956.00 295.00 964.00 785.00
517.00 538.00 1403.00 542.00
650.00 540.00 1270.00 540.00
920.50 540.00 999.50 540.00
869.00 540.00 1051.00 540.00
904.00 539.50 1016.00 540.50
518.00 539.50 1402.00 540.50
934.00 335.00 986.00 745.00
632.00 293.00 1288.00 787.00
581.00 290.50 1339.00 789.50
532.00 290.50 1388.00 789.50
528.00 290.50 1392.00 789.50
517.00 290.50 1403.00 789.50
553.00 290.50 1367.00 789.50
529.00 302.50 1391.00 777.50
581.00 531.50 1339.00 548.50
788.00 540.00 1132.00 540.00
899.00 313.00 1021.00 767.00
864.00 538.50 1056.00 541.50
960.00 540.00 960.00 540.00
912.00 517.50 1008.00 562.50
960.00 540.00 960.00 540.00
951.50 373.00 968.50 707.00
956.00 539.00 964.00 541.00
959.00 405.00 961.00 675.00
693.00 298.00 1227.00 782.00
821.00 353.50 1099.00 726.50
528.00 290.50 1392.00 789.50
573.00 290.50 1347.00 789.50
524.00 301.00 1396.00 779.00
518.00 291.50 1402.00 788.50
517.00 540.00 1403.00 540.00
518.00 540.00 1402.00 540.00
526.00 540.00 1394.00 540.00
517.00 540.00 1403.00 540.00
520.00 540.00 1400.00 540.00
608.00 540.00 1312.00 540.00
653.00 540.00 1267.00 540.00
654.00 526.00 1266.00 554.00
615.00 470.00 1305.00 610.00
597.00 321.50 1323.00 758.50
768.00 493.00 1152.00 587.00
575.00 426.00 1345.00 654.00
690.00 540.00 1230.00 540.00
612.00 536.00 1308.00 544.00
748.00 539.50 1172.00 540.50
682.00 540.00 1238.00 540.00
722.00 521.50 1198.00 558.50
848.00 539.50 1072.00 540.50
519.00 539.50 1401.00 540.50
518.00 540.00 1402.00 540.00
517.00 540.00 1403.00 540.00
517.00 540.00 1403.00 540.00
548.00 540.00 1372.00 540.00
668.00 540.00 1252.00 540.00
640.00 540.00 1280.00 540.00
612.00 540.00 1308.00 540.00
739.00 540.00 1181.00 540.00
517.00 508.00 1403.00 572.00
610.00 411.50 1310.00 668.50
760.00 538.00 1160.00 542.00
749.00 464.50 1171.00 615.50
785.00 540.00 1135.00 540.00
540.00 540.00 1380.00 540.00
521.00 540.00 1399.00 540.00
517.00 540.00 1403.00 540.00
517.00 533.50 1403.00 546.50
521.00 358.00 1399.00 722.00
517.00 540.00 1403.00 540.00
517.00 540.00 1403.00 540.00
534.00 540.00 1386.00 540.00
517.00 540.00 1403.00 540.00
710.00 540.00 1210.00 540.00
809.00 539.00 1111.00 541.00
831.00 478.00 1089.00 602.00
769.00 540.00 1151.00 540.00
522.00 526.00 1398.00 554.00
696.00 540.00 1224.00 540.00
517.00 505.00 1403.00 575.00
517.00 520.00 1403.00 560.00
517.00 384.00 1403.00 696.00
535.00 540.00 1385.00 540.00
539.00 540.00 1381.00 540.00
517.00 497.00 1403.00 583.00
517.00 539.00 1403.00 541.00
517.00 540.00 1403.00 540.00
517.00 540.00 1403.00 540.00
517.00 540.00 1403.00 540.00
517.00 540.00 1403.00 540.00
517.00 540.00 1403.00 540.00
517.00 540.00 1403.00 540.00
517.00 540.00 1403.00 540.00
517.00 540.00 1403.00 540.00
517.00 540.00 1403.00 540.00
517.00 540.00 1403.00 540.00
517.00 540.00 1403.00 540.00
517.00 540.00 1403.00 540.00
517.00 540.00 1403.00 540.00
517.00 540.00 1403.00 540.00
527.00 540.00 1393.00 540.00
841.00 540.00 1079.00 540.00
549.00 540.00 1371.00 540.00
518.00 540.00 1402.00 540.00
517.00 540.00 1403.00 540.00
773.00 540.00 1147.00 540.00
642.00 540.00 1278.00 540.00
602.00 540.00 1318.00 540.00
519.00 539.00 1401.00 541.00
518.00 530.50 1402.00 549.50
523.00 379.00 1397.00 701.00
578.00 540.00 1342.00 540.00
532.00 540.00 1388.00 540.00
609.00 540.00 1311.00 540.00
761.00 540.00 1159.00 540.00
517.00 540.00 1403.00 540.00
541.00 540.00 1379.00 540.00
518.00 427.50 1402.00 652.50
535.00 540.00 1385.00 540.00
673.00 438.00 1247.00 642.00
517.00 540.00 1403.00 540.00
517.00 539.50 1403.00 540.50
517.00 540.00 1403.00 540.00
517.00 540.00 1403.00 540.00
517.00 540.00 1403.00 540.00
517.00 540.00 1403.00 540.00
517.00 540.00 1403.00 540.00
517.00 540.00 1403.00 540.00
517.00 477.00 1403.00 603.00
517.00 534.00 1403.00 546.00
519.00 538.50 1401.00 541.50
517.00 540.00 1403.00 540.00
517.00 539.00 1403.00 541.00
517.00 539.00 1403.00 541.00
517.00 539.50 1403.00 540.50
517.00 540.00 1403.00 540.00
517.00 539.50 1403.00 540.50
517.00 466.50 1403.00 613.50
518.00 540.00 1402.00 540.00
517.00 540.00 1403.00 540.00
518.00 540.00 1402.00 540.00
517.00 540.00 1403.00 540.00
518.00 540.00 1402.00 540.00
517.00 540.00 1403.00 540.00
517.00 540.00 1403.00 540.00
517.00 540.00 1403.00 540.00
517.00 540.00 1403.00 540.00
517.00 540.00 1403.00 540.00
517.00 540.00 1403.00 540.00
517.00 539.50 1403.00 540.50
517.00 540.00 1403.00 540.00
517.00 540.00 1403.00 540.00
518.00 540.00 1402.00 540.00
517.00 539.00 1403.00 541.00
518.00 540.00 1402.00 540.00
609.00 468.50 1311.00 611.50
765.00 480.00 1155.00 600.00
666.00 540.00 1254.00 540.00
589.00 538.50 1331.00 541.50
610.00 540.00 1310.00 540.00
532.00 540.00 1388.00 540.00
685.00 536.00 1235.00 544.00
695.00 527.00 1225.00 553.00
520.00 535.50 1400.00 544.50
518.00 527.50 1402.00 552.50
517.00 456.50 1403.00 623.50
517.00 540.00 1403.00 540.00
517.00 535.50 1403.00 544.50
518.00 540.00 1402.00 540.00
550.00 291.50 1370.00 788.50
758.00 514.50 1162.00 565.50
535.00 540.00 1385.00 540.00
754.00 540.00 1166.00 540.00
643.00 540.00 1277.00 540.00
914.00 540.00 1006.00 540.00
922.50 540.00 997.50 540.00
518.00 540.00 1402.00 540.00
517.00 540.00 1403.00 540.00
524.00 540.00 1396.00 540.00
758.00 495.00 1162.00 585.00
676.00 540.00 1244.00 540.00
517.00 540.00 1403.00 540.00
517.00 539.00 1403.00 541.00
517.00 540.00 1403.00 540.00
517.00 540.00 1403.00 540.00
524.00 540.00 1396.00 540.00
517.00 540.00 1403.00 540.00
517.00 540.00 1403.00 540.00
517.00 540.00 1403.00 540.00
518.00 540.00 1402.00 540.00
737.00 540.00 1183.00 540.00
866.00 540.00 1054.00 540.00
665.00 540.00 1255.00 540.00
856.00 540.00 1064.00 540.00
748.00 540.00 1172.00 540.00
739.00 540.00 1181.00 540.00
721.00 540.00 1199.00 540.00
914.00 540.00 1006.00 540.00
897.00 539.00 1023.00 541.00
912.00 531.50 1008.00 548.50
901.00 540.00 1019.00 540.00
619.00 540.00 1301.00 540.00
866.00 540.00 1054.00 540.00
740.00 540.00 1180.00 540.00
820.00 540.00 1100.00 540.00
939.50 540.00 980.50 540.00
839.00 540.00 1081.00 540.00
848.00 526.00 1072.00 554.00
905.50 540.00 1014.50 540.00
850.00 360.00 1070.00 720.00
798.00 534.00 1122.00 546.00
578.00 406.00 1342.00 674.00
729.00 354.00 1191.00 726.00
553.00 540.00 1367.00 540.00
600.00 540.00 1320.00 540.00
522.00 539.50 1398.00 540.50
517.00 540.00 1403.00 540.00
517.00 538.00 1403.00 542.00
518.00 536.00 1402.00 544.00
517.00 540.00 1403.00 540.00
518.00 540.00 1402.00 540.00
517.00 540.00 1403.00 540.00
517.00 540.00 1403.00 540.00
517.00 540.00 1403.00 540.00
517.00 540.00 1403.00 540.00
517.00 540.00 1403.00 540.00
517.00 540.00 1403.00 540.00
517.00 540.00 1403.00 540.00
517.00 540.00 1403.00 540.00
517.00 540.00 1403.00 540.00
517.00 540.00 1403.00 540.00
517.00 540.00 1403.00 540.00
517.00 540.00 1403.00 540.00
517.00 540.00 1403.00 540.00
518.00 540.00 1402.00 540.00
517.00 540.00 1403.00 540.00
517.00 540.00 1403.00 540.00
520.00 540.00 1400.00 540.00
517.00 540.00 1403.00 540.00
518.00 540.00 1402.00 540.00
643.00 540.00 1277.00 540.00
564.00 540.00 1356.00 540.00
851.00 540.00 1069.00 540.00
668.00 540.00 1252.00 540.00
549.00 540.00 1371.00 540.00
523.00 540.00 1397.00 540.00
517.00 540.00 1403.00 540.00
517.00 540.00 1403.00 540.00
517.00 540.00 1403.00 540.00
584.00 540.00 1336.00 540.00
518.00 540.00 1402.00 540.00
517.00 540.00 1403.00 540.00
520.00 540.00 1400.00 540.00
517.00 540.00 1403.00 540.00
517.00 540.00 1403.00 540.00
541.00 540.00 1379.00 540.00
539.00 540.00 1381.00 540.00
517.00 540.00 1403.00 540.00
517.00 474.00 1403.00 606.00
519.00 290.50 1401.00 789.50
519.00 467.00 1401.00 613.00
517.00 290.50 1403.00 789.50
517.00 291.00 1403.00 789.00
517.00 290.50 1403.00 789.50
517.00 290.50 1403.00 789.50
518.00 290.50 1402.00 789.50
705.00 290.50 1215.00 789.50
535.00 470.00 1385.00 610.00
555.00 305.50 1365.00 774.50
518.00 303.00 1402.00 777.00
579.00 538.50 1341.00 541.50
580.00 540.00 1340.00 540.00
682.00 540.00 1238.00 540.00
528.00 540.00 1392.00 540.00
517.00 536.50 1403.00 543.50
559.00 540.00 1361.00 540.00
518.00 540.00 1402.00 540.00
520.00 540.00 1400.00 540.00
517.00 540.00 1403.00 540.00
521.00 539.00 1399.00 541.00
517.00 490.00 1403.00 590.00
732.00 524.00 1188.00 556.00
762.00 540.00 1158.00 540.00
517.00 522.50 1403.00 557.50
592.00 536.00 1328.00 544.00
848.00 540.00 1072.00 540.00
647.00 540.00 1273.00 540.00
818.00 540.00 1102.00 540.00
584.00 540.00 1336.00 540.00
520.00 540.00 1400.00 540.00
517.00 538.50 1403.00 541.50
517.00 539.50 1403.00 540.50
517.00 540.00 1403.00 540.00
517.00 540.00 1403.00 540.00
517.00 540.00 1403.00 540.00
518.00 540.00 1402.00 540.00
652.00 540.00 1268.00 540.00
938.50 540.00 981.50 540.00
614.00 540.00 1306.00 540.00
619.00 540.00 1301.00 540.00
523.00 540.00 1397.00 540.00
529.00 540.00 1391.00 540.00
913.00 540.00 1007.00 540.00
954.50 540.00 965.50 540.00
827.00 540.00 1093.00 540.00
707.00 540.00 1213.00 540.00
550.00 540.00 1370.00 540.00
537.00 540.00 1383.00 540.00
517.00 540.00 1403.00 540.00
517.00 540.00 1403.00 540.00
534.00 540.00 1386.00 540.00
517.00 540.00 1403.00 540.00
578.00 540.00 1342.00 540.00
626.00 540.00 1294.00 540.00
699.00 540.00 1221.00 540.00
727.00 540.00 1193.00 540.00
733.00 540.00 1187.00 540.00
728.00 540.00 1192.00 540.00
517.00 540.00 1403.00 540.00
517.00 540.00 1403.00 540.00
517.00 539.50 1403.00 540.50
518.00 297.00 1402.00 783.00
517.00 540.00 1403.00 540.00
517.00 540.00 1403.00 540.00
517.00 540.00 1403.00 540.00
517.00 540.00 1403.00 540.00
517.00 540.00 1403.00 540.00
517.00 540.00 1403.00 540.00
517.00 540.00 1403.00 540.00
517.00 540.00 1403.00 540.00
517.00 540.00 1403.00 540.00
517.00 540.00 1403.00 540.00
517.00 540.00 1403.00 540.00
530.00 540.00 1390.00 540.00
517.00 540.00 1403.00 540.00
524.00 540.00 1396.00 540.00
952.50 540.00 967.50 540.00
696.00 540.00 1224.00 540.00
600.00 540.00 1320.00 540.00
517.00 540.00 1403.00 540.00
606.00 540.00 1314.00 540.00
845.00 540.00 1075.00 540.00
837.00 540.00 1083.00 540.00
535.00 540.00 1385.00 540.00
517.00 540.00 1403.00 540.00
517.00 540.00 1403.00 540.00
517.00 540.00 1403.00 540.00
517.00 540.00 1403.00 540.00
517.00 540.00 1403.00 540.00
517.00 540.00 1403.00 540.00
517.00 540.00 1403.00 540.00
517.00 538.00 1403.00 542.00
517.00 540.00 1403.00 540.00
517.00 540.00 1403.00 540.00
517.00 540.00 1403.00 540.00
526.00 540.00 1394.00 540.00
517.00 539.50 1403.00 540.50
517.00 540.00 1403.00 540.00
517.00 540.00 1403.00 540.00
619.00 540.00 1301.00 540.00
904.00 540.00 1016.00 540.00
930.00 540.00 990.00 540.00
634.00 540.00 1286.00 540.00
723.00 540.00 1197.00 540.00
629.00 540.00 1291.00 540.00
881.00 540.00 1039.00 540.00
518.00 540.00 1402.00 540.00
526.00 540.00 1394.00 540.00
584.00 539.50 1336.00 540.50
541.00 539.50 1379.00 540.50
522.00 540.00 1398.00 540.00
517.00 540.00 1403.00 540.00
517.00 540.00 1403.00 540.00
517.00 540.00 1403.00 540.00
517.00 540.00 1403.00 540.00
517.00 540.00 1403.00 540.00
518.00 540.00 1402.00 540.00
544.00 540.00 1376.00 540.00
676.00 540.00 1244.00 540.00
947.00 532.00 973.00 548.00
934.00 540.00 986.00 540.00
919.00 540.00 1001.00 540.00
826.00 540.00 1094.00 540.00
519.00 540.00 1401.00 540.00
517.00 540.00 1403.00 540.00
517.00 540.00 1403.00 540.00
517.00 540.00 1403.00 540.00
517.00 540.00 1403.00 540.00
517.00 540.00 1403.00 540.00
757.00 540.00 1163.00 540.00
928.00 540.00 992.00 540.00
902.00 540.00 1018.00 540.00
524.00 540.00 1396.00 540.00
782.00 540.00 1138.00 540.00
518.00 540.00 1402.00 540.00
518.00 540.00 1402.00 540.00
517.00 540.00 1403.00 540.00
726.00 540.00 1194.00 540.00
662.00 540.00 1258.00 540.00
843.00 539.00 1077.00 541.00
806.00 540.00 1114.00 540.00
857.00 527.50 1063.00 552.50
696.00 521.00 1224.00 559.00
722.00 499.00 1198.00 581.00
648.00 536.50 1272.00 543.50
665.00 540.00 1255.00 540.00
707.00 540.00 1213.00 540.00
597.00 540.00 1323.00 540.00
517.00 511.50 1403.00 568.50
517.00 350.00 1403.00 730.00
523.00 290.50 1397.00 789.50
522.00 290.50 1398.00 789.50
517.00 530.50 1403.00 549.50
517.00 486.50 1403.00 593.50
517.00 469.00 1403.00 611.00
517.00 391.50 1403.00 688.50
543.00 310.50 1377.00 769.50
521.00 424.50 1399.00 655.50
517.00 532.50 1403.00 547.50
517.00 457.00 1403.00 623.00
552.00 334.50 1368.00 745.50
539.00 537.00 1381.00 543.00
744.00 540.00 1176.00 540.00
895.00 539.00 1025.00 541.00
925.50 536.50 994.50 543.50
793.00 540.00 1127.00 540.00
726.00 540.00 1194.00 540.00
519.00 540.00 1401.00 540.00
517.00 540.00 1403.00 540.00
517.00 540.00 1403.00 540.00
517.00 540.00 1403.00 540.00
517.00 540.00 1403.00 540.00
519.00 540.00 1401.00 540.00
517.00 540.00 1403.00 540.00
517.00 540.00 1403.00 540.00
517.00 540.00 1403.00 540.00
517.00 540.00 1403.00 540.00
517.00 540.00 1403.00 540.00
517.00 540.00 1403.00 540.00
517.00 540.00 1403.00 540.00
517.00 540.00 1403.00 540.00
517.00 540.00 1403.00 540.00
517.00 540.00 1403.00 540.00
517.00 540.00 1403.00 540.00
517.00 538.00 1403.00 542.00
517.00 540.00 1403.00 540.00
518.00 540.00 1402.00 540.00
518.00 540.00 1402.00 540.00
586.00 540.00 1334.00 540.00
576.00 540.00 1344.00 540.00
635.00 512.50 1285.00 567.50
517.00 540.00 1403.00 540.00
517.00 540.00 1403.00 540.00
517.00 540.00 1403.00 540.00
517.00 540.00 1403.00 540.00
517.00 540.00 1403.00 540.00
517.00 540.00 1403.00 540.00
517.00 540.00 1403.00 540.00
