839.00 210.00 105.00 268.00
517.00 290.50 1403.00 789.50
518.00 290.50 1402.00 789.50
517.00 290.50 1403.00 789.50
517.00 290.50 1403.00 789.50
517.00 290.50 1403.00 789.50
517.00 290.50 1403.00 789.50
517.00 290.50 1403.00 789.50
517.00 290.50 1403.00 789.50
517.00 290.50 1403.00 789.50
517.00 290.50 1403.00 789.50
518.00 290.50 1402.00 789.50
517.00 290.50 1403.00 789.50
517.00 290.50 1403.00 789.50
517.00 290.50 1403.00 789.50
517.00 290.50 1403.00 789.50
517.00 290.50 1403.00 789.50
517.00 290.50 1403.00 789.50
517.00 290.50 1403.00 789.50
517.00 290.50 1403.00 789.50
517.00 290.50 1403.00 789.50
517.00 309.50 1403.00 770.50
517.00 290.50 1403.00 789.50
550.00 290.50 1370.00 789.50
543.00 366.00 1377.00 714.00
524.00 290.50 1396.00 789.50
569.00 290.50 1351.00 789.50
518.00 291.00 1402.00 789.00
521.00 290.50 1399.00 789.50
518.00 290.50 1402.00 789.50
527.00 290.50 1393.00 789.50
517.00 290.50 1403.00 789.50
518.00 290.50 1402.00 789.50
517.00 290.50 1403.00 789.50
517.00 290.50 1403.00 789.50
517.00 539.50 1403.00 540.50
517.00 459.50 1403.00 620.50
517.00 291.00 1403.00 789.00
517.00 540.00 1403.00 540.00
518.00 540.00 1402.00 540.00
651.00 540.00 1269.00 540.00
917.00 540.00 1003.00 540.00
518.00 533.50 1402.00 546.50
575.00 455.00 1345.00 625.00
925.50 449.50 994.50 630.50
960.00 290.50 960.00 789.50
699.00 290.50 1221.00 789.50
517.00 290.50 1403.00 789.50
848.00 290.50 1072.00 789.50
626.00 290.50 1294.00 789.50
746.00 290.50 1174.00 789.50
528.00 290.50 1392.00 789.50
621.00 290.50 1299.00 789.50
548.00 290.50 1372.00 789.50
531.00 290.50 1389.00 789.50
518.00 290.50 1402.00 789.50
517.00 290.50 1403.00 789.50
517.00 290.50 1403.00 789.50
548.00 290.50 1372.00 789.50
519.00 290.50 1401.00 789.50
532.00 290.50 1388.00 789.50
520.00 290.50 1400.00 789.50
555.00 290.50 1365.00 789.50
549.00 290.50 1371.00 789.50
535.00 290.50 1385.00 789.50
520.00 290.50 1400.00 789.50
520.00 290.50 1400.00 789.50
572.00 290.50 1348.00 789.50
518.00 290.50 1402.00 789.50
698.00 290.50 1222.00 789.50
628.00 290.50 1292.00 789.50
597.00 290.50 1323.00 789.50
621.00 290.50 1299.00 789.50
670.00 290.50 1250.00 789.50
682.00 290.50 1238.00 789.50
560.00 290.50 1360.00 789.50
639.00 290.50 1281.00 789.50
520.00 290.50 1400.00 789.50
519.00 290.50 1401.00 789.50
518.00 290.50 1402.00 789.50
575.00 290.50 1345.00 789.50
538.00 290.50 1382.00 789.50
926.00 290.50 994.00 789.50
535.00 290.50 1385.00 789.50
536.00 290.50 1384.00 789.50
662.00 290.50 1258.00 789.50
522.00 329.00 1398.00 751.00
519.00 303.00 1401.00 777.00
579.00 290.50 1341.00 789.50
522.00 290.50 1398.00 789.50
517.00 293.00 1403.00 787.00
517.00 290.50 1403.00 789.50
517.00 526.50 1403.00 553.50
522.00 290.50 1398.00 789.50
517.00 291.50 1403.00 788.50
517.00 290.50 1403.00 789.50
517.00 290.50 1403.00 789.50
517.00 290.50 1403.00 789.50
530.00 290.50 1390.00 789.50
519.00 290.50 1401.00 789.50
712.00 290.50 1208.00 789.50
517.00 290.50 1403.00 789.50
868.00 290.50 1052.00 789.50
562.00 290.50 1358.00 789.50
660.00 290.50 1260.00 789.50
668.00 290.50 1252.00 789.50
545.00 290.50 1375.00 789.50
528.00 290.50 1392.00 789.50
816.00 290.50 1104.00 789.50
517.00 290.50 1403.00 789.50
518.00 290.50 1402.00 789.50
636.00 290.50 1284.00 789.50
642.00 290.50 1278.00 789.50
517.00 290.50 1403.00 789.50
517.00 290.50 1403.00 789.50
543.00 290.50 1377.00 789.50
524.00 290.50 1396.00 789.50
561.00 290.50 1359.00 789.50
517.00 290.50 1403.00 789.50
657.00 290.50 1263.00 789.50
571.00 290.50 1349.00 789.50
749.00 290.50 1171.00 789.50
541.00 290.50 1379.00 789.50
598.00 290.50 1322.00 789.50
651.00 290.50 1269.00 789.50
957.00 290.50 963.00 789.50
630.00 290.50 1290.00 789.50
727.00 290.50 1193.00 789.50
595.00 290.50 1325.00 789.50
571.00 290.50 1349.00 789.50
646.00 290.50 1274.00 789.50
670.00 290.50 1250.00 789.50
549.00 290.50 1371.00 789.50
568.00 290.50 1352.00 789.50
583.00 290.50 1337.00 789.50
568.00 290.50 1352.00 789.50
518.00 290.50 1402.00 789.50
602.00 290.50 1318.00 789.50
518.00 290.50 1402.00 789.50
518.00 290.50 1402.00 789.50
614.00 290.50 1306.00 789.50
614.00 290.50 1306.00 789.50
572.00 290.50 1348.00 789.50
525.00 290.50 1395.00 789.50
533.00 290.50 1387.00 789.50
551.00 290.50 1369.00 789.50
523.00 290.50 1397.00 789.50
524.00 290.50 1396.00 789.50
527.00 290.50 1393.00 789.50
517.00 290.50 1403.00 789.50
517.00 290.50 1403.00 789.50
517.00 290.50 1403.00 789.50
518.00 290.50 1402.00 789.50
518.00 290.50 1402.00 789.50
574.00 290.50 1346.00 789.50
528.00 290.50 1392.00 789.50
726.00 290.50 1194.00 789.50
521.00 290.50 1399.00 789.50
532.00 290.50 1388.00 789.50
519.00 290.50 1401.00 789.50
517.00 291.00 1403.00 789.00
567.00 290.50 1353.00 789.50
718.00 291.00 1202.00 789.00
574.00 290.50 1346.00 789.50
517.00 293.00 1403.00 787.00
622.00 343.00 1298.00 737.00
708.00 535.50 1212.00 544.50
517.00 540.00 1403.00 540.00
517.00 540.00 1403.00 540.00
517.00 540.00 1403.00 540.00
636.00 424.50 1284.00 655.50
517.00 292.50 1403.00 787.50
518.00 290.50 1402.00 789.50
518.00 290.50 1402.00 789.50
518.00 290.50 1402.00 789.50
573.00 290.50 1347.00 789.50
741.00 290.50 1179.00 789.50
532.00 290.50 1388.00 789.50
517.00 292.50 1403.00 787.50
517.00 290.50 1403.00 789.50
523.00 290.50 1397.00 789.50
843.00 290.50 1077.00 789.50
542.00 290.50 1378.00 789.50
517.00 290.50 1403.00 789.50
640.00 290.50 1280.00 789.50
535.00 290.50 1385.00 789.50
557.00 290.50 1363.00 789.50
517.00 290.50 1403.00 789.50
517.00 290.50 1403.00 789.50
519.00 290.50 1401.00 789.50
517.00 292.50 1403.00 787.50
517.00 292.00 1403.00 788.00
927.00 290.50 993.00 789.50
535.00 290.50 1385.00 789.50
519.00 290.50 1401.00 789.50
683.00 290.50 1237.00 789.50
608.00 290.50 1312.00 789.50
532.00 291.00 1388.00 789.00
531.00 290.50 1389.00 789.50
518.00 290.50 1402.00 789.50
517.00 290.50 1403.00 789.50
517.00 290.50 1403.00 789.50
533.00 290.50 1387.00 789.50
551.00 290.50 1369.00 789.50
679.00 290.50 1241.00 789.50
517.00 290.50 1403.00 789.50
517.00 290.50 1403.00 789.50
517.00 290.50 1403.00 789.50
517.00 290.50 1403.00 789.50
519.00 290.50 1401.00 789.50
520.00 290.50 1400.00 789.50
529.00 290.50 1391.00 789.50
553.00 290.50 1367.00 789.50
520.00 290.50 1400.00 789.50
517.00 290.50 1403.00 789.50
519.00 290.50 1401.00 789.50
517.00 290.50 1403.00 789.50
517.00 290.50 1403.00 789.50
517.00 290.50 1403.00 789.50
517.00 290.50 1403.00 789.50
522.00 290.50 1398.00 789.50
929.00 290.50 991.00 789.50
959.00 290.50 961.00 789.50
763.00 290.50 1157.00 789.50
529.00 290.50 1391.00 789.50
890.00 290.50 1030.00 789.50
719.00 290.50 1201.00 789.50
856.00 290.50 1064.00 789.50
639.00 312.50 1281.00 767.50
517.00 290.50 1403.00 789.50
517.00 518.00 1403.00 562.00
517.00 540.00 1403.00 540.00
517.00 290.50 1403.00 789.50
517.00 290.50 1403.00 789.50
518.00 291.00 1402.00 789.00
517.00 292.50 1403.00 787.50
517.00 290.50 1403.00 789.50
692.00 290.50 1228.00 789.50
847.00 290.50 1073.00 789.50
552.00 290.50 1368.00 789.50
519.00 290.50 1401.00 789.50
518.00 290.50 1402.00 789.50
529.00 290.50 1391.00 789.50
518.00 290.50 1402.00 789.50
517.00 290.50 1403.00 789.50
518.00 290.50 1402.00 789.50
520.00 290.50 1400.00 789.50
525.00 290.50 1395.00 789.50
521.00 290.50 1399.00 789.50
518.00 290.50 1402.00 789.50
522.00 290.50 1398.00 789.50
570.00 290.50 1350.00 789.50
518.00 290.50 1402.00 789.50
523.00 290.50 1397.00 789.50
517.00 290.50 1403.00 789.50
518.00 290.50 1402.00 789.50
519.00 290.50 1401.00 789.50
520.00 290.50 1400.00 789.50
517.00 290.50 1403.00 789.50
572.00 290.50 1348.00 789.50
565.00 290.50 1355.00 789.50
663.00 290.50 1257.00 789.50
665.00 290.50 1255.00 789.50
532.00 290.50 1388.00 789.50
604.00 290.50 1316.00 789.50
520.00 290.50 1400.00 789.50
518.00 290.50 1402.00 789.50
518.00 290.50 1402.00 789.50
524.00 290.50 1396.00 789.50
546.00 290.50 1374.00 789.50
521.00 290.50 1399.00 789.50
524.00 290.50 1396.00 789.50
518.00 290.50 1402.00 789.50
523.00 290.50 1397.00 789.50
603.00 290.50 1317.00 789.50
542.00 290.50 1378.00 789.50
519.00 290.50 1401.00 789.50
534.00 290.50 1386.00 789.50
671.00 290.50 1249.00 789.50
518.00 290.50 1402.00 789.50
517.00 290.50 1403.00 789.50
520.00 290.50 1400.00 789.50
590.00 290.50 1330.00 789.50
540.00 290.50 1380.00 789.50
543.00 290.50 1377.00 789.50
518.00 290.50 1402.00 789.50
519.00 290.50 1401.00 789.50
518.00 290.50 1402.00 789.50
517.00 327.50 1403.00 752.50
921.50 290.50 998.50 789.50
825.00 290.50 1095.00 789.50
656.00 290.50 1264.00 789.50
521.00 290.50 1399.00 789.50
517.00 290.50 1403.00 789.50
517.00 290.50 1403.00 789.50
517.00 290.50 1403.00 789.50
517.00 290.50 1403.00 789.50
518.00 290.50 1402.00 789.50
518.00 307.00 1402.00 773.00
518.00 537.50 1402.00 542.50
884.00 290.50 1036.00 789.50
836.00 291.00 1084.00 789.00
598.00 291.50 1322.00 788.50
517.00 290.50 1403.00 789.50
524.00 290.50 1396.00 789.50
866.00 290.50 1054.00 789.50
518.00 290.50 1402.00 789.50
950.50 290.50 969.50 789.50
960.00 290.50 960.00 789.50
817.00 290.50 1103.00 789.50
795.00 290.50 1125.00 789.50
642.00 290.50 1278.00 789.50
954.50 290.50 965.50 789.50
521.00 290.50 1399.00 789.50
520.00 290.50 1400.00 789.50
523.00 290.50 1397.00 789.50
518.00 290.50 1402.00 789.50
627.00 290.50 1293.00 789.50
519.00 290.50 1401.00 789.50
555.00 290.50 1365.00 789.50
728.00 290.50 1192.00 789.50
581.00 290.50 1339.00 789.50
517.00 290.50 1403.00 789.50
517.00 290.50 1403.00 789.50
550.00 290.50 1370.00 789.50
521.00 290.50 1399.00 789.50
517.00 290.50 1403.00 789.50
874.00 290.50 1046.00 789.50
519.00 290.50 1401.00 789.50
518.00 290.50 1402.00 789.50
659.00 290.50 1261.00 789.50
521.00 290.50 1399.00 789.50
518.00 290.50 1402.00 789.50
529.00 290.50 1391.00 789.50
532.00 290.50 1388.00 789.50
545.00 290.50 1375.00 789.50
586.00 290.50 1334.00 789.50
663.00 290.50 1257.00 789.50
742.00 290.50 1178.00 789.50
815.00 290.50 1105.00 789.50
584.00 290.50 1336.00 789.50
706.00 290.50 1214.00 789.50
520.00 290.50 1400.00 789.50
655.00 290.50 1265.00 789.50
518.00 290.50 1402.00 789.50
536.00 290.50 1384.00 789.50
518.00 290.50 1402.00 789.50
521.00 290.50 1399.00 789.50
958.00 290.50 962.00 789.50
957.00 290.50 963.00 789.50
920.50 290.50 999.50 789.50
828.00 290.50 1092.00 789.50
533.00 290.50 1387.00 789.50
955.50 290.50 964.50 789.50
530.00 290.50 1390.00 789.50
950.50 290.50 969.50 789.50
943.00 290.50 977.00 789.50
665.00 290.50 1255.00 789.50
518.00 290.50 1402.00 789.50
730.00 290.50 1190.00 789.50
935.50 290.50 984.50 789.50
909.50 290.50 1010.50 789.50
589.00 290.50 1331.00 789.50
884.00 290.50 1036.00 789.50
959.00 290.50 961.00 789.50
615.00 426.50 1305.00 653.50
558.00 397.00 1362.00 683.00
520.00 291.50 1400.00 788.50
549.00 290.50 1371.00 789.50
517.00 290.50 1403.00 789.50
521.00 290.50 1399.00 789.50
580.00 290.50 1340.00 789.50
709.00 290.50 1211.00 789.50
754.00 290.50 1166.00 789.50
755.00 290.50 1165.00 789.50
607.00 290.50 1313.00 789.50
698.00 290.50 1222.00 789.50
521.00 290.50 1399.00 789.50
613.00 290.50 1307.00 789.50
518.00 290.50 1402.00 789.50
517.00 290.50 1403.00 789.50
518.00 290.50 1402.00 789.50
517.00 290.50 1403.00 789.50
518.00 290.50 1402.00 789.50
771.00 290.50 1149.00 789.50
695.00 290.50 1225.00 789.50
517.00 290.50 1403.00 789.50
517.00 290.50 1403.00 789.50
517.00 290.50 1403.00 789.50
517.00 290.50 1403.00 789.50
517.00 290.50 1403.00 789.50
517.00 290.50 1403.00 789.50
517.00 290.50 1403.00 789.50
517.00 290.50 1403.00 789.50
526.00 290.50 1394.00 789.50
518.00 290.50 1402.00 789.50
518.00 290.50 1402.00 789.50
517.00 290.50 1403.00 789.50
532.00 290.50 1388.00 789.50
518.00 290.50 1402.00 789.50
541.00 290.50 1379.00 789.50
517.00 290.50 1403.00 789.50
538.00 290.50 1382.00 789.50
530.00 290.50 1390.00 789.50
517.00 290.50 1403.00 789.50
518.00 290.50 1402.00 789.50
517.00 290.50 1403.00 789.50
614.00 290.50 1306.00 789.50
810.00 290.50 1110.00 789.50
597.00 290.50 1323.00 789.50
532.00 290.50 1388.00 789.50
571.00 290.50 1349.00 789.50
638.00 290.50 1282.00 789.50
522.00 290.50 1398.00 789.50
519.00 290.50 1401.00 789.50
549.00 290.50 1371.00 789.50
613.00 290.50 1307.00 789.50
524.00 290.50 1396.00 789.50
790.00 290.50 1130.00 789.50
682.00 290.50 1238.00 789.50
763.00 290.50 1157.00 789.50
713.00 290.50 1207.00 789.50
565.00 290.50 1355.00 789.50
525.00 290.50 1395.00 789.50
723.00 290.50 1197.00 789.50
517.00 290.50 1403.00 789.50
630.00 290.50 1290.00 789.50
520.00 290.50 1400.00 789.50
551.00 290.50 1369.00 789.50
592.00 290.50 1328.00 789.50
518.00 290.50 1402.00 789.50
631.00 290.50 1289.00 789.50
759.00 290.50 1161.00 789.50
830.00 290.50 1090.00 789.50
684.00 290.50 1236.00 789.50
517.00 290.50 1403.00 789.50
517.00 290.50 1403.00 789.50
518.00 290.50 1402.00 789.50
517.00 290.50 1403.00 789.50
687.00 290.50 1233.00 789.50
519.00 290.50 1401.00 789.50
602.00 290.50 1318.00 789.50
528.00 290.50 1392.00 789.50
555.00 290.50 1365.00 789.50
829.00 290.50 1091.00 789.50
763.00 290.50 1157.00 789.50
636.00 290.50 1284.00 789.50
766.00 290.50 1154.00 789.50
611.00 290.50 1309.00 789.50
545.00 290.50 1375.00 789.50
585.00 290.50 1335.00 789.50
517.00 290.50 1403.00 789.50
517.00 290.50 1403.00 789.50
517.00 290.50 1403.00 789.50
517.00 290.50 1403.00 789.50
517.00 290.50 1403.00 789.50
517.00 290.50 1403.00 789.50
517.00 290.50 1403.00 789.50
517.00 290.50 1403.00 789.50
518.00 290.50 1402.00 789.50
518.00 290.50 1402.00 789.50
517.00 290.50 1403.00 789.50
952.50 290.50 967.50 789.50
521.00 290.50 1399.00 789.50
520.00 291.50 1400.00 788.50
843.00 290.50 1077.00 789.50
942.00 290.50 978.00 789.50
542.00 290.50 1378.00 789.50
552.00 290.50 1368.00 789.50
518.00 291.00 1402.00 789.00
517.00 290.50 1403.00 789.50
517.00 290.50 1403.00 789.50
521.00 290.50 1399.00 789.50
517.00 290.50 1403.00 789.50
522.00 290.50 1398.00 789.50
517.00 290.50 1403.00 789.50
517.00 290.50 1403.00 789.50
523.00 290.50 1397.00 789.50
517.00 290.50 1403.00 789.50
517.00 290.50 1403.00 789.50
523.00 290.50 1397.00 789.50
517.00 290.50 1403.00 789.50
631.00 290.50 1289.00 789.50
517.00 290.50 1403.00 789.50
526.00 290.50 1394.00 789.50
680.00 290.50 1240.00 789.50
517.00 290.50 1403.00 789.50
517.00 290.50 1403.00 789.50
518.00 290.50 1402.00 789.50
549.00 290.50 1371.00 789.50
603.00 290.50 1317.00 789.50
517.00 290.50 1403.00 789.50
686.00 290.50 1234.00 789.50
519.00 290.50 1401.00 789.50
518.00 290.50 1402.00 789.50
558.00 290.50 1362.00 789.50
872.00 290.50 1048.00 789.50
855.00 290.50 1065.00 789.50
558.00 290.50 1362.00 789.50
624.00 290.50 1296.00 789.50
