925.00 151.00 171.00 406.00
649.00 290.50 1271.00 789.50
642.00 290.50 1278.00 789.50
789.00 291.00 1131.00 789.00
653.00 290.50 1267.00 789.50
541.00 290.50 1379.00 789.50
517.00 290.50 1403.00 789.50
517.00 290.50 1403.00 789.50
518.00 290.50 1402.00 789.50
682.00 290.50 1238.00 789.50
832.00 290.50 1088.00 789.50
758.00 290.50 1162.00 789.50
569.00 290.50 1351.00 789.50
527.00 290.50 1393.00 789.50
862.00 290.50 1058.00 789.50
738.00 290.50 1182.00 789.50
552.00 290.50 1368.00 789.50
558.00 290.50 1362.00 789.50
559.00 290.50 1361.00 789.50
817.00 290.50 1103.00 789.50
652.00 290.50 1268.00 789.50
857.00 290.50 1063.00 789.50
601.00 290.50 1319.00 789.50
532.00 290.50 1388.00 789.50
518.00 290.50 1402.00 789.50
518.00 290.50 1402.00 789.50
519.00 290.50 1401.00 789.50
949.00 290.50 971.00 789.50
640.00 290.50 1280.00 789.50
520.00 290.50 1400.00 789.50
672.00 290.50 1248.00 789.50
900.00 290.50 1020.00 789.50
581.00 290.50 1339.00 789.50
582.00 290.50 1338.00 789.50
517.00 320.00 1403.00 760.00
517.00 290.50 1403.00 789.50
517.00 290.50 1403.00 789.50
518.00 293.00 1402.00 787.00
517.00 363.00 1403.00 717.00
743.00 391.50 1177.00 688.50
518.00 358.00 1402.00 722.00
665.00 497.50 1255.00 582.50
525.00 336.00 1395.00 744.00
517.00 531.00 1403.00 549.00
518.00 379.50 1402.00 700.50
528.00 300.50 1392.00 779.50
518.00 376.50 1402.00 703.50
518.00 291.50 1402.00 788.50
517.00 315.50 1403.00 764.50
521.00 290.50 1399.00 789.50
517.00 290.50 1403.00 789.50
520.00 290.50 1400.00 789.50
517.00 290.50 1403.00 789.50
528.00 290.50 1392.00 789.50
518.00 290.50 1402.00 789.50
517.00 290.50 1403.00 789.50
519.00 290.50 1401.00 789.50
517.00 290.50 1403.00 789.50
517.00 390.00 1403.00 690.00
517.00 292.50 1403.00 787.50
517.00 518.00 1403.00 562.00
517.00 358.00 1403.00 722.00
518.00 389.50 1402.00 690.50
517.00 537.50 1403.00 542.50
517.00 538.00 1403.00 542.00
517.00 536.50 1403.00 543.50
529.00 539.50 1391.00 540.50
702.00 539.50 1218.00 540.50
600.00 540.00 1320.00 540.00
541.00 538.50 1379.00 541.50
518.00 540.00 1402.00 540.00
518.00 540.00 1402.00 540.00
650.00 540.00 1270.00 540.00
534.00 540.00 1386.00 540.00
664.00 540.00 1256.00 540.00
642.00 540.00 1278.00 540.00
942.00 531.00 978.00 549.00
700.00 539.50 1220.00 540.50
518.00 464.50 1402.00 615.50
518.00 533.00 1402.00 547.00
517.00 362.50 1403.00 717.50
517.00 378.50 1403.00 701.50
517.00 378.00 1403.00 702.00
529.00 296.00 1391.00 784.00
533.00 293.50 1387.00 786.50
659.00 290.50 1261.00 789.50
787.00 290.50 1133.00 789.50
788.00 294.50 1132.00 785.50
580.00 290.50 1340.00 789.50
671.00 290.50 1249.00 789.50
841.00 290.50 1079.00 789.50
904.50 291.00 1015.50 789.00
662.00 290.50 1258.00 789.50
659.00 290.50 1261.00 789.50
629.00 290.50 1291.00 789.50
845.00 290.50 1075.00 789.50
543.00 290.50 1377.00 789.50
743.00 290.50 1177.00 789.50
517.00 290.50 1403.00 789.50
608.00 290.50 1312.00 789.50
519.00 290.50 1401.00 789.50
548.00 291.00 1372.00 789.00
521.00 500.00 1399.00 580.00
827.00 297.50 1093.00 782.50
524.00 291.00 1396.00 789.00
872.00 290.50 1048.00 789.50
931.00 540.00 989.00 540.00
660.00 540.00 1260.00 540.00
707.00 540.00 1213.00 540.00
517.00 539.50 1403.00 540.50
524.00 540.00 1396.00 540.00
909.50 540.00 1010.50 540.00
555.00 540.00 1365.00 540.00
872.00 539.50 1048.00 540.50
715.00 540.00 1205.00 540.00
527.00 540.00 1393.00 540.00
553.00 540.00 1367.00 540.00
522.00 540.00 1398.00 540.00
517.00 540.00 1403.00 540.00
702.00 540.00 1218.00 540.00
941.00 540.00 979.00 540.00
519.00 540.00 1401.00 540.00
517.00 540.00 1403.00 540.00
517.00 540.00 1403.00 540.00
592.00 540.00 1328.00 540.00
550.00 540.00 1370.00 540.00
522.00 343.00 1398.00 737.00
518.00 515.00 1402.00 565.00
517.00 540.00 1403.00 540.00
620.00 540.00 1300.00 540.00
518.00 540.00 1402.00 540.00
520.00 406.00 1400.00 674.00
556.00 291.00 1364.00 789.00
732.00 296.00 1188.00 784.00
518.00 301.00 1402.00 779.00
517.00 389.50 1403.00 690.50
517.00 299.50 1403.00 780.50
517.00 539.50 1403.00 540.50
517.00 290.50 1403.00 789.50
566.00 339.50 1354.00 740.50
521.00 291.00 1399.00 789.00
743.00 290.50 1177.00 789.50
865.00 290.50 1055.00 789.50
827.00 290.50 1093.00 789.50
873.00 290.50 1047.00 789.50
828.00 290.50 1092.00 789.50
838.00 290.50 1082.00 789.50
760.00 290.50 1160.00 789.50
826.00 290.50 1094.00 789.50
656.00 290.50 1264.00 789.50
676.00 290.50 1244.00 789.50
677.00 290.50 1243.00 789.50
529.00 290.50 1391.00 789.50
518.00 290.50 1402.00 789.50
519.00 290.50 1401.00 789.50
647.00 290.50 1273.00 789.50
597.00 290.50 1323.00 789.50
830.00 290.50 1090.00 789.50
850.00 290.50 1070.00 789.50
712.00 290.50 1208.00 789.50
524.00 290.50 1396.00 789.50
526.00 290.50 1394.00 789.50
563.00 290.50 1357.00 789.50
726.00 290.50 1194.00 789.50
910.50 290.50 1009.50 789.50
546.00 290.50 1374.00 789.50
518.00 290.50 1402.00 789.50
589.00 290.50 1331.00 789.50
626.00 290.50 1294.00 789.50
796.00 290.50 1124.00 789.50
786.00 290.50 1134.00 789.50
955.50 290.50 964.50 789.50
794.00 290.50 1126.00 789.50
706.00 290.50 1214.00 789.50
627.00 290.50 1293.00 789.50
657.00 290.50 1263.00 789.50
688.00 290.50 1232.00 789.50
782.00 290.50 1138.00 789.50
692.00 290.50 1228.00 789.50
788.00 290.50 1132.00 789.50
616.00 290.50 1304.00 789.50
551.00 290.50 1369.00 789.50
754.00 290.50 1166.00 789.50
631.00 290.50 1289.00 789.50
607.00 290.50 1313.00 789.50
892.00 290.50 1028.00 789.50
840.00 290.50 1080.00 789.50
717.00 290.50 1203.00 789.50
690.00 290.50 1230.00 789.50
765.00 290.50 1155.00 789.50
677.00 291.50 1243.00 788.50
648.00 290.50 1272.00 789.50
683.00 290.50 1237.00 789.50
840.00 290.50 1080.00 789.50
955.50 290.50 964.50 789.50
652.00 296.50 1268.00 783.50
804.00 290.50 1116.00 789.50
957.00 290.50 963.00 789.50
959.00 290.50 961.00 789.50
949.00 290.50 971.00 789.50
956.00 290.50 964.00 789.50
892.00 290.50 1028.00 789.50
790.00 291.50 1130.00 788.50
782.00 290.50 1138.00 789.50
951.50 539.00 968.50 541.00
842.00 353.00 1078.00 727.00
647.00 291.50 1273.00 788.50
698.00 291.00 1222.00 789.00
620.00 537.50 1300.00 542.50
753.00 290.50 1167.00 789.50
517.00 540.00 1403.00 540.00
517.00 293.00 1403.00 787.00
949.50 290.50 970.50 789.50
956.00 421.50 964.00 658.50
869.00 290.50 1051.00 789.50
714.00 293.50 1206.00 786.50
523.00 540.00 1397.00 540.00
517.00 502.00 1403.00 578.00
619.00 290.50 1301.00 789.50
756.00 290.50 1164.00 789.50
518.00 290.50 1402.00 789.50
672.00 290.50 1248.00 789.50
517.00 290.50 1403.00 789.50
569.00 290.50 1351.00 789.50
518.00 290.50 1402.00 789.50
661.00 290.50 1259.00 789.50
834.00 290.50 1086.00 789.50
942.00 290.50 978.00 789.50
585.00 290.50 1335.00 789.50
919.00 290.50 1001.00 789.50
529.00 290.50 1391.00 789.50
958.00 290.50 962.00 789.50
644.00 290.50 1276.00 789.50
799.00 290.50 1121.00 789.50
672.00 290.50 1248.00 789.50
638.00 290.50 1282.00 789.50
585.00 290.50 1335.00 789.50
615.00 290.50 1305.00 789.50
941.00 290.50 979.00 789.50
600.00 290.50 1320.00 789.50
518.00 290.50 1402.00 789.50
517.00 290.50 1403.00 789.50
517.00 290.50 1403.00 789.50
518.00 290.50 1402.00 789.50
774.00 290.50 1146.00 789.50
653.00 290.50 1267.00 789.50
806.00 290.50 1114.00 789.50
641.00 290.50 1279.00 789.50
610.00 290.50 1310.00 789.50
847.00 290.50 1073.00 789.50
714.00 290.50 1206.00 789.50
842.00 290.50 1078.00 789.50
672.00 290.50 1248.00 789.50
697.00 290.50 1223.00 789.50
924.50 290.50 995.50 789.50
543.00 290.50 1377.00 789.50
635.00 291.50 1285.00 788.50
637.00 290.50 1283.00 789.50
865.00 290.50 1055.00 789.50
596.00 290.50 1324.00 789.50
762.00 290.50 1158.00 789.50
714.00 290.50 1206.00 789.50
919.50 290.50 1000.50 789.50
782.00 290.50 1138.00 789.50
843.00 290.50 1077.00 789.50
911.00 290.50 1009.00 789.50
840.00 290.50 1080.00 789.50
632.00 290.50 1288.00 789.50
560.00 290.50 1360.00 789.50
653.00 290.50 1267.00 789.50
680.00 290.50 1240.00 789.50
642.00 290.50 1278.00 789.50
517.00 290.50 1403.00 789.50
586.00 290.50 1334.00 789.50
664.00 290.50 1256.00 789.50
686.00 290.50 1234.00 789.50
548.00 290.50 1372.00 789.50
885.00 290.50 1035.00 789.50
518.00 290.50 1402.00 789.50
550.00 290.50 1370.00 789.50
609.00 290.50 1311.00 789.50
579.00 290.50 1341.00 789.50
550.00 290.50 1370.00 789.50
532.00 290.50 1388.00 789.50
799.00 290.50 1121.00 789.50
946.00 290.50 974.00 789.50
517.00 290.50 1403.00 789.50
517.00 290.50 1403.00 789.50
527.00 290.50 1393.00 789.50
532.00 290.50 1388.00 789.50
518.00 290.50 1402.00 789.50
517.00 290.50 1403.00 789.50
731.00 290.50 1189.00 789.50
562.00 290.50 1358.00 789.50
591.00 290.50 1329.00 789.50
603.00 290.50 1317.00 789.50
601.00 292.00 1319.00 788.00
517.00 290.50 1403.00 789.50
605.00 290.50 1315.00 789.50
518.00 290.50 1402.00 789.50
517.00 290.50 1403.00 789.50
523.00 290.50 1397.00 789.50
527.00 290.50 1393.00 789.50
518.00 290.50 1402.00 789.50
518.00 290.50 1402.00 789.50
518.00 290.50 1402.00 789.50
522.00 290.50 1398.00 789.50
517.00 290.50 1403.00 789.50
518.00 290.50 1402.00 789.50
517.00 290.50 1403.00 789.50
517.00 290.50 1403.00 789.50
517.00 290.50 1403.00 789.50
518.00 290.50 1402.00 789.50
517.00 290.50 1403.00 789.50
517.00 290.50 1403.00 789.50
517.00 290.50 1403.00 789.50
517.00 290.50 1403.00 789.50
517.00 290.50 1403.00 789.50
519.00 290.50 1401.00 789.50
583.00 290.50 1337.00 789.50
517.00 290.50 1403.00 789.50
517.00 290.50 1403.00 789.50
517.00 290.50 1403.00 789.50
517.00 290.50 1403.00 789.50
517.00 298.50 1403.00 781.50
517.00 356.00 1403.00 724.00
517.00 498.00 1403.00 582.00
517.00 291.50 1403.00 788.50
517.00 290.50 1403.00 789.50
517.00 290.50 1403.00 789.50
517.00 290.50 1403.00 789.50
517.00 293.50 1403.00 786.50
518.00 457.00 1402.00 623.00
517.00 298.00 1403.00 782.00
517.00 290.50 1403.00 789.50
517.00 290.50 1403.00 789.50
517.00 290.50 1403.00 789.50
517.00 395.00 1403.00 685.00
525.00 395.50 1395.00 684.50
523.00 536.00 1397.00 544.00
517.00 296.50 1403.00 783.50
517.00 290.50 1403.00 789.50
517.00 308.50 1403.00 771.50
524.00 290.50 1396.00 789.50
518.00 291.00 1402.00 789.00
521.00 290.50 1399.00 789.50
517.00 295.50 1403.00 784.50
517.00 290.50 1403.00 789.50
517.00 290.50 1403.00 789.50
517.00 290.50 1403.00 789.50
517.00 290.50 1403.00 789.50
517.00 290.50 1403.00 789.50
517.00 290.50 1403.00 789.50
517.00 295.00 1403.00 785.00
517.00 290.50 1403.00 789.50
518.00 290.50 1402.00 789.50
532.00 290.50 1388.00 789.50
525.00 290.50 1395.00 789.50
517.00 290.50 1403.00 789.50
518.00 481.50 1402.00 598.50
517.00 290.50 1403.00 789.50
517.00 302.50 1403.00 777.50
517.00 294.50 1403.00 785.50
517.00 290.50 1403.00 789.50
517.00 305.50 1403.00 774.50
517.00 290.50 1403.00 789.50
517.00 290.50 1403.00 789.50
517.00 539.50 1403.00 540.50
517.00 325.00 1403.00 755.00
517.00 290.50 1403.00 789.50
517.00 398.00 1403.00 682.00
517.00 290.50 1403.00 789.50
517.00 290.50 1403.00 789.50
517.00 526.50 1403.00 553.50
517.00 361.00 1403.00 719.00
517.00 314.00 1403.00 766.00
517.00 493.50 1403.00 586.50
518.00 290.50 1402.00 789.50
517.00 304.50 1403.00 775.50
517.00 290.50 1403.00 789.50
517.00 290.50 1403.00 789.50
696.00 291.50 1224.00 788.50
530.00 290.50 1390.00 789.50
656.00 290.50 1264.00 789.50
621.00 290.50 1299.00 789.50
548.00 290.50 1372.00 789.50
519.00 290.50 1401.00 789.50
636.00 290.50 1284.00 789.50
532.00 290.50 1388.00 789.50
538.00 290.50 1382.00 789.50
807.00 290.50 1113.00 789.50
522.00 290.50 1398.00 789.50
523.00 290.50 1397.00 789.50
619.00 294.50 1301.00 785.50
883.00 290.50 1037.00 789.50
847.00 290.50 1073.00 789.50
843.00 290.50 1077.00 789.50
696.00 290.50 1224.00 789.50
913.00 290.50 1007.00 789.50
518.00 290.50 1402.00 789.50
728.00 290.50 1192.00 789.50
713.00 290.50 1207.00 789.50
945.00 290.50 975.00 789.50
848.00 290.50 1072.00 789.50
919.00 290.50 1001.00 789.50
791.00 290.50 1129.00 789.50
859.00 290.50 1061.00 789.50
705.00 290.50 1215.00 789.50
659.00 290.50 1261.00 789.50
922.50 290.50 997.50 789.50
554.00 290.50 1366.00 789.50
606.00 290.50 1314.00 789.50
522.00 290.50 1398.00 789.50
613.00 290.50 1307.00 789.50
521.00 290.50 1399.00 789.50
522.00 290.50 1398.00 789.50
550.00 290.50 1370.00 789.50
517.00 290.50 1403.00 789.50
517.00 290.50 1403.00 789.50
517.00 290.50 1403.00 789.50
517.00 290.50 1403.00 789.50
517.00 290.50 1403.00 789.50
517.00 290.50 1403.00 789.50
517.00 290.50 1403.00 789.50
517.00 290.50 1403.00 789.50
517.00 290.50 1403.00 789.50
525.00 290.50 1395.00 789.50
561.00 290.50 1359.00 789.50
521.00 290.50 1399.00 789.50
631.00 290.50 1289.00 789.50
600.00 290.50 1320.00 789.50
557.00 290.50 1363.00 789.50
532.00 290.50 1388.00 789.50
518.00 290.50 1402.00 789.50
528.00 290.50 1392.00 789.50
517.00 290.50 1403.00 789.50
547.00 290.50 1373.00 789.50
517.00 290.50 1403.00 789.50
518.00 290.50 1402.00 789.50
518.00 290.50 1402.00 789.50
562.00 290.50 1358.00 789.50
517.00 290.50 1403.00 789.50
517.00 290.50 1403.00 789.50
522.00 290.50 1398.00 789.50
524.00 290.50 1396.00 789.50
517.00 290.50 1403.00 789.50
578.00 290.50 1342.00 789.50
518.00 290.50 1402.00 789.50
520.00 290.50 1400.00 789.50
518.00 290.50 1402.00 789.50
519.00 290.50 1401.00 789.50
546.00 290.50 1374.00 789.50
629.00 290.50 1291.00 789.50
540.00 290.50 1380.00 789.50
518.00 290.50 1402.00 789.50
620.00 290.50 1300.00 789.50
642.00 290.50 1278.00 789.50
518.00 290.50 1402.00 789.50
517.00 290.50 1403.00 789.50
518.00 290.50 1402.00 789.50
517.00 290.50 1403.00 789.50
517.00 290.50 1403.00 789.50
517.00 290.50 1403.00 789.50
518.00 290.50 1402.00 789.50
517.00 290.50 1403.00 789.50
548.00 290.50 1372.00 789.50
518.00 290.50 1402.00 789.50
517.00 291.00 1403.00 789.00
517.00 290.50 1403.00 789.50
527.00 290.50 1393.00 789.50
517.00 291.50 1403.00 788.50
517.00 540.00 1403.00 540.00
517.00 521.50 1403.00 558.50
531.00 535.50 1389.00 544.50
709.00 493.00 1211.00 587.00
608.00 540.00 1312.00 540.00
527.00 540.00 1393.00 540.00
668.00 540.00 1252.00 540.00
648.00 540.00 1272.00 540.00
623.00 314.50 1297.00 765.50
760.00 309.00 1160.00 771.00
584.00 314.50 1336.00 765.50
525.00 540.00 1395.00 540.00
560.00 290.50 1360.00 789.50
631.00 290.50 1289.00 789.50
629.00 290.50 1291.00 789.50
634.00 290.50 1286.00 789.50
922.50 291.00 997.50 789.00
811.00 316.00 1109.00 764.00
947.00 290.50 973.00 789.50
960.00 291.50 960.00 788.50
585.00 300.50 1335.00 779.50
948.00 540.00 972.00 540.00
517.00 540.00 1403.00 540.00
856.00 307.50 1064.00 772.50
666.00 470.00 1254.00 610.00
578.00 329.50 1342.00 750.50
875.00 540.00 1045.00 540.00
579.00 525.00 1341.00 555.00
917.00 540.00 1003.00 540.00
532.00 305.00 1388.00 775.00
562.00 414.50 1358.00 665.50
677.00 419.00 1243.00 661.00
807.00 336.50 1113.00 743.50
960.00 291.00 960.00 789.00
788.00 514.50 1132.00 565.50
517.00 540.00 1403.00 540.00
668.00 538.00 1252.00 542.00
953.50 540.00 966.50 540.00
960.00 394.50 960.00 685.50
869.00 540.00 1051.00 540.00
941.00 529.00 979.00 551.00
959.00 540.00 961.00 540.00
949.00 540.00 971.00 540.00
743.00 395.00 1177.00 685.00
789.00 540.00 1131.00 540.00
548.00 430.00 1372.00 650.00
518.00 540.00 1402.00 540.00
545.00 435.00 1375.00 645.00
619.00 290.50 1301.00 789.50
960.00 290.50 960.00 789.50
613.00 290.50 1307.00 789.50
541.00 337.50 1379.00 742.50
518.00 290.50 1402.00 789.50
523.00 290.50 1397.00 789.50
526.00 290.50 1394.00 789.50
522.00 290.50 1398.00 789.50
518.00 290.50 1402.00 789.50
522.00 292.50 1398.00 787.50
517.00 341.00 1403.00 739.00
517.00 345.50 1403.00 734.50
537.00 440.50 1383.00 639.50
527.00 291.00 1393.00 789.00
517.00 291.00 1403.00 789.00
532.00 290.50 1388.00 789.50
523.00 290.50 1397.00 789.50
522.00 304.50 1398.00 775.50
651.00 290.50 1269.00 789.50
517.00 341.00 1403.00 739.00
519.00 290.50 1401.00 789.50
517.00 290.50 1403.00 789.50
518.00 290.50 1402.00 789.50
643.00 290.50 1277.00 789.50
531.00 290.50 1389.00 789.50
522.00 290.50 1398.00 789.50
517.00 290.50 1403.00 789.50
517.00 290.50 1403.00 789.50
517.00 290.50 1403.00 789.50
517.00 290.50 1403.00 789.50
517.00 290.50 1403.00 789.50
517.00 290.50 1403.00 789.50
517.00 290.50 1403.00 789.50
517.00 290.50 1403.00 789.50
517.00 290.50 1403.00 789.50
517.00 290.50 1403.00 789.50
517.00 290.50 1403.00 789.50
518.00 290.50 1402.00 789.50
532.00 290.50 1388.00 789.50
517.00 290.50 1403.00 789.50
548.00 290.50 1372.00 789.50
517.00 290.50 1403.00 789.50
517.00 290.50 1403.00 789.50
517.00 290.50 1403.00 789.50
525.00 290.50 1395.00 789.50
547.00 290.50 1373.00 789.50
523.00 290.50 1397.00 789.50
532.00 290.50 1388.00 789.50
617.00 290.50 1303.00 789.50
546.00 290.50 1374.00 789.50
806.00 290.50 1114.00 789.50
585.00 290.50 1335.00 789.50
522.00 291.50 1398.00 788.50
520.00 363.00 1400.00 717.00
520.00 389.00 1400.00 691.00
517.00 292.50 1403.00 787.50
517.00 540.00 1403.00 540.00
517.00 491.50 1403.00 588.50
518.00 524.50 1402.00 555.50
521.00 290.50 1399.00 789.50
532.00 290.50 1388.00 789.50
520.00 290.50 1400.00 789.50
520.00 293.00 1400.00 787.00
519.00 290.50 1401.00 789.50
525.00 293.50 1395.00 786.50
621.00 300.00 1299.00 780.00
519.00 315.00 1401.00 765.00
592.00 290.50 1328.00 789.50
679.00 290.50 1241.00 789.50
696.00 290.50 1224.00 789.50
711.00 290.50 1209.00 789.50
536.00 291.00 1384.00 789.00
517.00 536.00 1403.00 544.00
518.00 290.50 1402.00 789.50
531.00 299.00 1389.00 781.00
517.00 305.50 1403.00 774.50
517.00 290.50 1403.00 789.50
517.00 290.50 1403.00 789.50
518.00 290.50 1402.00 789.50
518.00 290.50 1402.00 789.50
517.00 290.50 1403.00 789.50
