1154.00 448.00 30.00 71.00
525.00 290.50 1395.00 789.50
592.00 411.00 1328.00 669.00
813.00 540.00 1107.00 540.00
569.00 357.00 1351.00 723.00
518.00 540.00 1402.00 540.00
523.00 529.50 1397.00 550.50
740.00 476.00 1180.00 604.00
760.00 481.00 1160.00 599.00
818.00 311.00 1102.00 769.00
852.00 291.50 1068.00 788.50
844.00 290.50 1076.00 789.50
802.00 290.50 1118.00 789.50
613.00 292.50 1307.00 787.50
638.00 297.00 1282.00 783.00
786.00 290.50 1134.00 789.50
890.00 290.50 1030.00 789.50
757.00 290.50 1163.00 789.50
791.00 290.50 1129.00 789.50
898.00 290.50 1022.00 789.50
682.00 290.50 1238.00 789.50
553.00 291.50 1367.00 788.50
737.00 290.50 1183.00 789.50
701.00 290.50 1219.00 789.50
767.00 290.50 1153.00 789.50
720.00 290.50 1200.00 789.50
910.50 290.50 1009.50 789.50
870.00 290.50 1050.00 789.50
790.00 290.50 1130.00 789.50
897.00 290.50 1023.00 789.50
937.50 290.50 982.50 789.50
903.00 292.50 1017.00 787.50
646.00 295.00 1274.00 785.00
664.00 314.50 1256.00 765.50
874.00 476.00 1046.00 604.00
644.00 536.50 1276.00 543.50
846.00 294.50 1074.00 785.50
751.00 310.00 1169.00 770.00
829.00 406.50 1091.00 673.50
764.00 325.50 1156.00 754.50
813.00 504.50 1107.00 575.50
701.00 476.00 1219.00 604.00
640.00 469.00 1280.00 611.00
783.00 535.50 1137.00 544.50
681.00 385.00 1239.00 695.00
621.00 298.00 1299.00 782.00
818.00 292.00 1102.00 788.00
670.00 327.50 1250.00 752.50
652.00 320.50 1268.00 759.50
668.00 306.00 1252.00 774.00
671.00 352.50 1249.00 727.50
745.00 317.00 1175.00 763.00
960.00 530.50 960.00 549.50
960.00 540.00 960.00 540.00
718.00 539.50 1202.00 540.50
870.00 540.00 1050.00 540.00
618.00 391.00 1302.00 689.00
624.00 363.50 1296.00 716.50
959.00 539.00 961.00 541.00
833.00 320.00 1087.00 760.00
727.00 306.50 1193.00 773.50
664.00 291.50 1256.00 788.50
668.00 486.00 1252.00 594.00
674.00 532.00 1246.00 548.00
579.00 509.00 1341.00 571.00
520.00 540.00 1400.00 540.00
615.00 540.00 1305.00 540.00
824.00 540.00 1096.00 540.00
732.00 540.00 1188.00 540.00
919.50 475.00 1000.50 605.00
760.00 539.50 1160.00 540.50
956.00 343.00 964.00 737.00
846.00 297.00 1074.00 783.00
713.00 529.50 1207.00 550.50
664.00 390.00 1256.00 690.00
740.00 536.50 1180.00 543.50
875.00 327.50 1045.00 752.50
951.50 518.50 968.50 561.50
950.50 373.50 969.50 706.50
932.00 540.00 988.00 540.00
955.50 540.00 964.50 540.00
958.00 540.00 962.00 540.00
957.00 512.50 963.00 567.50
958.00 508.00 962.00 572.00
959.00 380.50 961.00 699.50
949.50 355.00 970.50 725.00
955.50 297.50 964.50 782.50
949.00 415.00 971.00 665.00
958.00 291.00 962.00 789.00
926.00 292.50 994.00 787.50
954.50 290.50 965.50 789.50
960.00 290.50 960.00 789.50
957.00 290.50 963.00 789.50
959.00 290.50 961.00 789.50
960.00 290.50 960.00 789.50
959.00 290.50 961.00 789.50
904.00 291.00 1016.00 789.00
924.50 362.00 995.50 718.00
806.00 307.00 1114.00 773.00
949.50 333.00 970.50 747.00
960.00 295.50 960.00 784.50
960.00 533.50 960.00 546.50
959.00 518.00 961.00 562.00
957.00 510.50 963.00 569.50
951.50 290.50 968.50 789.50
935.50 539.00 984.50 541.00
919.50 540.00 1000.50 540.00
928.00 539.50 992.00 540.50
738.00 493.50 1182.00 586.50
824.00 372.50 1096.00 707.50
937.50 396.50 982.50 683.50
960.00 407.00 960.00 673.00
957.00 430.00 963.00 650.00
959.00 291.50 961.00 788.50
812.00 324.50 1108.00 755.50
835.00 304.50 1085.00 775.50
884.00 344.00 1036.00 736.00
954.50 291.50 965.50 788.50
959.00 433.00 961.00 647.00
957.00 349.00 963.00 731.00
960.00 291.00 960.00 789.00
960.00 540.00 960.00 540.00
960.00 291.00 960.00 789.00
956.00 292.00 964.00 788.00
958.00 293.50 962.00 786.50
960.00 291.00 960.00 789.00
959.00 290.50 961.00 789.50
960.00 290.50 960.00 789.50
960.00 294.50 960.00 785.50
960.00 314.00 960.00 766.00
960.00 536.50 960.00 543.50
960.00 462.50 960.00 617.50
960.00 329.00 960.00 751.00
959.00 319.00 961.00 761.00
958.00 352.50 962.00 727.50
960.00 290.50 960.00 789.50
959.00 306.00 961.00 774.00
960.00 291.00 960.00 789.00
960.00 290.50 960.00 789.50
960.00 297.50 960.00 782.50
959.00 346.00 961.00 734.00
960.00 361.00 960.00 719.00
960.00 312.50 960.00 767.50
960.00 291.50 960.00 788.50
959.00 520.50 961.00 559.50
959.00 332.00 961.00 748.00
960.00 413.00 960.00 667.00
960.00 499.50 960.00 580.50
938.50 480.50 981.50 599.50
960.00 290.50 960.00 789.50
960.00 540.00 960.00 540.00
891.00 325.00 1029.00 755.00
947.00 290.50 973.00 789.50
623.00 294.50 1297.00 785.50
960.00 290.50 960.00 789.50
952.50 291.00 967.50 789.00
950.50 290.50 969.50 789.50
650.00 310.50 1270.00 769.50
651.00 290.50 1269.00 789.50
812.00 296.00 1108.00 784.00
905.50 291.00 1014.50 789.00
947.00 302.50 973.00 777.50
948.00 376.00 972.00 704.00
958.00 364.50 962.00 715.50
960.00 290.50 960.00 789.50
960.00 290.50 960.00 789.50
958.00 316.50 962.00 763.50
910.50 290.50 1009.50 789.50
957.00 436.50 963.00 643.50
633.00 540.00 1287.00 540.00
959.00 536.00 961.00 544.00
947.00 540.00 973.00 540.00
560.00 538.00 1360.00 542.00
554.00 335.00 1366.00 745.00
632.00 299.00 1288.00 781.00
644.00 307.50 1276.00 772.50
957.00 307.00 963.00 773.00
933.00 516.50 987.00 563.50
862.00 537.50 1058.00 542.50
697.00 290.50 1223.00 789.50
639.00 295.50 1281.00 784.50
521.00 530.00 1399.00 550.00
517.00 540.00 1403.00 540.00
517.00 540.00 1403.00 540.00
518.00 422.50 1402.00 657.50
517.00 536.50 1403.00 543.50
518.00 290.50 1402.00 789.50
519.00 291.50 1401.00 788.50
518.00 294.50 1402.00 785.50
517.00 520.00 1403.00 560.00
745.00 299.00 1175.00 781.00
944.00 540.00 976.00 540.00
862.00 519.00 1058.00 561.00
774.00 540.00 1146.00 540.00
944.00 538.00 976.00 542.00
887.00 534.00 1033.00 546.00
702.00 531.50 1218.00 548.50
800.00 534.00 1120.00 546.00
910.50 539.00 1009.50 541.00
638.00 326.50 1282.00 753.50
656.00 312.00 1264.00 768.00
725.00 292.00 1195.00 788.00
640.00 514.00 1280.00 566.00
591.00 536.50 1329.00 543.50
830.00 306.50 1090.00 773.50
882.00 539.00 1038.00 541.00
938.50 539.50 981.50 540.50
951.50 445.50 968.50 634.50
948.00 301.50 972.00 778.50
843.00 537.50 1077.00 542.50
849.00 293.50 1071.00 786.50
748.00 291.50 1172.00 788.50
672.00 291.00 1248.00 789.00
878.00 291.00 1042.00 789.00
769.00 322.00 1151.00 758.00
954.50 312.50 965.50 767.50
960.00 495.50 960.00 584.50
956.00 440.50 964.00 639.50
954.50 540.00 965.50 540.00
919.50 322.50 1000.50 757.50
877.00 290.50 1043.00 789.50
944.00 290.50 976.00 789.50
862.00 290.50 1058.00 789.50
800.00 290.50 1120.00 789.50
522.00 291.00 1398.00 789.00
691.00 290.50 1229.00 789.50
807.00 296.50 1113.00 783.50
960.00 290.50 960.00 789.50
959.00 290.50 961.00 789.50
960.00 290.50 960.00 789.50
960.00 290.50 960.00 789.50
960.00 290.50 960.00 789.50
949.50 290.50 970.50 789.50
820.00 291.00 1100.00 789.00
960.00 290.50 960.00 789.50
960.00 290.50 960.00 789.50
960.00 290.50 960.00 789.50
960.00 290.50 960.00 789.50
960.00 290.50 960.00 789.50
958.00 290.50 962.00 789.50
956.00 292.50 964.00 787.50
960.00 290.50 960.00 789.50
920.50 290.50 999.50 789.50
883.00 290.50 1037.00 789.50
830.00 290.50 1090.00 789.50
795.00 290.50 1125.00 789.50
646.00 290.50 1274.00 789.50
738.00 290.50 1182.00 789.50
739.00 290.50 1181.00 789.50
536.00 290.50 1384.00 789.50
617.00 290.50 1303.00 789.50
723.00 290.50 1197.00 789.50
567.00 290.50 1353.00 789.50
684.00 290.50 1236.00 789.50
623.00 290.50 1297.00 789.50
741.00 290.50 1179.00 789.50
578.00 290.50 1342.00 789.50
670.00 290.50 1250.00 789.50
938.50 290.50 981.50 789.50
784.00 294.50 1136.00 785.50
955.50 292.00 964.50 788.00
960.00 292.50 960.00 787.50
956.00 290.50 964.00 789.50
960.00 449.00 960.00 631.00
960.00 390.00 960.00 690.00
960.00 381.50 960.00 698.50
959.00 530.50 961.00 549.50
954.50 378.00 965.50 702.00
954.50 519.50 965.50 560.50
952.50 302.50 967.50 777.50
957.00 378.50 963.00 701.50
960.00 290.50 960.00 789.50
824.00 296.50 1096.00 783.50
949.00 290.50 971.00 789.50
960.00 540.00 960.00 540.00
956.00 292.00 964.00 788.00
790.00 290.50 1130.00 789.50
939.50 290.50 980.50 789.50
904.50 290.50 1015.50 789.50
786.00 290.50 1134.00 789.50
738.00 290.50 1182.00 789.50
872.00 290.50 1048.00 789.50
959.00 365.00 961.00 715.00
960.00 488.50 960.00 591.50
937.50 296.50 982.50 783.50
960.00 490.50 960.00 589.50
959.00 356.50 961.00 723.50
960.00 479.00 960.00 601.00
960.00 533.50 960.00 546.50
960.00 539.50 960.00 540.50
960.00 540.00 960.00 540.00
960.00 540.00 960.00 540.00
960.00 290.50 960.00 789.50
960.00 290.50 960.00 789.50
960.00 427.50 960.00 652.50
958.00 530.50 962.00 549.50
960.00 536.50 960.00 543.50
959.00 534.50 961.00 545.50
960.00 323.50 960.00 756.50
960.00 297.50 960.00 782.50
960.00 540.00 960.00 540.00
960.00 540.00 960.00 540.00
960.00 540.00 960.00 540.00
960.00 539.00 960.00 541.00
960.00 493.00 960.00 587.00
958.00 435.50 962.00 644.50
960.00 540.00 960.00 540.00
956.00 539.50 964.00 540.50
960.00 538.00 960.00 542.00
960.00 535.50 960.00 544.50
849.00 531.00 1071.00 549.00
656.00 294.50 1264.00 785.50
868.00 290.50 1052.00 789.50
822.00 291.00 1098.00 789.00
958.00 290.50 962.00 789.50
955.50 540.00 964.50 540.00
908.50 540.00 1011.50 540.00
953.50 540.00 966.50 540.00
957.00 334.50 963.00 745.50
947.00 318.50 973.00 761.50
959.00 293.00 961.00 787.00
949.50 308.00 970.50 772.00
934.50 317.00 985.50 763.00
707.00 359.00 1213.00 721.00
897.00 296.50 1023.00 783.50
926.00 293.00 994.00 787.00
585.00 475.50 1335.00 604.50
518.00 535.50 1402.00 544.50
517.00 540.00 1403.00 540.00
532.00 540.00 1388.00 540.00
520.00 540.00 1400.00 540.00
517.00 540.00 1403.00 540.00
517.00 540.00 1403.00 540.00
517.00 540.00 1403.00 540.00
517.00 540.00 1403.00 540.00
517.00 540.00 1403.00 540.00
517.00 342.00 1403.00 738.00
517.00 437.00 1403.00 643.00
517.00 385.50 1403.00 694.50
517.00 443.50 1403.00 636.50
517.00 500.00 1403.00 580.00
518.00 297.50 1402.00 782.50
517.00 408.00 1403.00 672.00
529.00 485.00 1391.00 595.00
682.00 483.50 1238.00 596.50
525.00 397.50 1395.00 682.50
594.00 306.50 1326.00 773.50
517.00 428.50 1403.00 651.50
518.00 444.50 1402.00 635.50
517.00 516.50 1403.00 563.50
530.00 491.00 1390.00 589.00
531.00 331.50 1389.00 748.50
520.00 342.00 1400.00 738.00
520.00 537.00 1400.00 543.00
518.00 517.50 1402.00 562.50
519.00 539.00 1401.00 541.00
517.00 523.50 1403.00 556.50
517.00 538.00 1403.00 542.00
517.00 540.00 1403.00 540.00
518.00 523.50 1402.00 556.50
524.00 540.00 1396.00 540.00
527.00 442.50 1393.00 637.50
543.00 530.00 1377.00 550.00
625.00 304.00 1295.00 776.00
606.00 498.50 1314.00 581.50
810.00 336.00 1110.00 744.00
712.00 291.50 1208.00 788.50
529.00 295.00 1391.00 785.00
556.00 358.00 1364.00 722.00
734.00 291.00 1186.00 789.00
558.00 290.50 1362.00 789.50
582.00 290.50 1338.00 789.50
754.00 290.50 1166.00 789.50
803.00 290.50 1117.00 789.50
891.00 290.50 1029.00 789.50
951.50 290.50 968.50 789.50
959.00 290.50 961.00 789.50
872.00 302.50 1048.00 777.50
800.00 293.00 1120.00 787.00
647.00 322.00 1273.00 758.00
777.00 290.50 1143.00 789.50
788.00 291.00 1132.00 789.00
932.00 293.00 988.00 787.00
943.00 423.50 977.00 656.50
949.00 290.50 971.00 789.50
795.00 303.00 1125.00 777.00
646.00 293.50 1274.00 786.50
792.00 339.50 1128.00 740.50
651.00 331.00 1269.00 749.00
608.00 393.50 1312.00 686.50
784.00 290.50 1136.00 789.50
911.00 539.00 1009.00 541.00
896.00 485.50 1024.00 594.50
889.00 540.00 1031.00 540.00
759.00 406.50 1161.00 673.50
648.00 460.50 1272.00 619.50
580.00 292.50 1340.00 787.50
621.00 508.50 1299.00 571.50
518.00 522.50 1402.00 557.50
539.00 292.50 1381.00 787.50
522.00 538.00 1398.00 542.00
517.00 537.50 1403.00 542.50
533.00 519.50 1387.00 560.50
517.00 340.00 1403.00 740.00
602.00 291.00 1318.00 789.00
876.00 335.50 1044.00 744.50
640.00 451.50 1280.00 628.50
587.00 421.50 1333.00 658.50
563.00 321.50 1357.00 758.50
517.00 540.00 1403.00 540.00
518.00 539.00 1402.00 541.00
517.00 540.00 1403.00 540.00
517.00 453.00 1403.00 627.00
517.00 290.50 1403.00 789.50
517.00 353.50 1403.00 726.50
518.00 537.50 1402.00 542.50
531.00 430.00 1389.00 650.00
517.00 540.00 1403.00 540.00
517.00 540.00 1403.00 540.00
517.00 540.00 1403.00 540.00
517.00 532.50 1403.00 547.50
517.00 538.00 1403.00 542.00
574.00 343.50 1346.00 736.50
522.00 292.00 1398.00 788.00
518.00 524.50 1402.00 555.50
531.00 523.00 1389.00 557.00
531.00 488.50 1389.00 591.50
923.50 290.50 996.50 789.50
720.00 290.50 1200.00 789.50
576.00 532.50 1344.00 547.50
518.00 290.50 1402.00 789.50
586.00 307.00 1334.00 773.00
526.00 421.50 1394.00 658.50
640.00 290.50 1280.00 789.50
681.00 290.50 1239.00 789.50
756.00 290.50 1164.00 789.50
748.00 290.50 1172.00 789.50
624.00 290.50 1296.00 789.50
675.00 291.50 1245.00 788.50
622.00 290.50 1298.00 789.50
631.00 290.50 1289.00 789.50
669.00 290.50 1251.00 789.50
684.00 290.50 1236.00 789.50
612.00 290.50 1308.00 789.50
526.00 305.50 1394.00 774.50
518.00 389.50 1402.00 690.50
517.00 453.50 1403.00 626.50
523.00 304.00 1397.00 776.00
522.00 294.50 1398.00 785.50
591.00 290.50 1329.00 789.50
560.00 290.50 1360.00 789.50
532.00 290.50 1388.00 789.50
542.00 290.50 1378.00 789.50
517.00 290.50 1403.00 789.50
517.00 290.50 1403.00 789.50
520.00 290.50 1400.00 789.50
623.00 290.50 1297.00 789.50
517.00 290.50 1403.00 789.50
611.00 290.50 1309.00 789.50
533.00 290.50 1387.00 789.50
715.00 290.50 1205.00 789.50
518.00 291.00 1402.00 789.00
519.00 394.00 1401.00 686.00
556.00 290.50 1364.00 789.50
645.00 290.50 1275.00 789.50
706.00 290.50 1214.00 789.50
565.00 298.50 1355.00 781.50
537.00 309.50 1383.00 770.50
931.00 538.50 989.00 541.50
932.00 473.00 988.00 607.00
583.00 524.00 1337.00 556.00
555.00 290.50 1365.00 789.50
941.00 290.50 979.00 789.50
783.00 509.50 1137.00 570.50
935.50 291.00 984.50 789.00
682.00 404.00 1238.00 676.00
930.00 291.00 990.00 789.00
800.00 431.50 1120.00 648.50
917.00 294.50 1003.00 785.50
699.00 291.00 1221.00 789.00
833.00 290.50 1087.00 789.50
958.00 290.50 962.00 789.50
960.00 290.50 960.00 789.50
948.00 299.50 972.00 780.50
631.00 290.50 1289.00 789.50
854.00 290.50 1066.00 789.50
751.00 291.00 1169.00 789.00
643.00 291.00 1277.00 789.00
684.00 291.50 1236.00 788.50
548.00 291.50 1372.00 788.50
522.00 291.50 1398.00 788.50
518.00 292.50 1402.00 787.50
559.00 540.00 1361.00 540.00
517.00 293.50 1403.00 786.50
518.00 540.00 1402.00 540.00
562.00 308.00 1358.00 772.00
551.00 290.50 1369.00 789.50
763.00 538.00 1157.00 542.00
734.00 290.50 1186.00 789.50
542.00 292.50 1378.00 787.50
