736.00 166.00 660.00 287.00
533.00 290.50 1387.00 789.50
528.00 290.50 1392.00 789.50
527.00 290.50 1393.00 789.50
532.00 290.50 1388.00 789.50
530.00 290.50 1390.00 789.50
518.00 290.50 1402.00 789.50
520.00 290.50 1400.00 789.50
544.00 290.50 1376.00 789.50
518.00 290.50 1402.00 789.50
522.00 290.50 1398.00 789.50
545.00 290.50 1375.00 789.50
600.00 291.00 1320.00 789.00
544.00 298.00 1376.00 782.00
526.00 449.00 1394.00 631.00
544.00 512.00 1376.00 568.00
533.00 324.50 1387.00 755.50
578.00 538.50 1342.00 541.50
563.00 540.00 1357.00 540.00
824.00 540.00 1096.00 540.00
683.00 540.00 1237.00 540.00
674.00 540.00 1246.00 540.00
672.00 540.00 1248.00 540.00
759.00 540.00 1161.00 540.00
792.00 298.50 1128.00 781.50
622.00 539.50 1298.00 540.50
729.00 290.50 1191.00 789.50
608.00 290.50 1312.00 789.50
585.00 290.50 1335.00 789.50
585.00 290.50 1335.00 789.50
719.00 293.50 1201.00 786.50
933.00 291.00 987.00 789.00
761.00 290.50 1159.00 789.50
960.00 290.50 960.00 789.50
960.00 290.50 960.00 789.50
957.00 306.50 963.00 773.50
891.00 290.50 1029.00 789.50
936.50 290.50 983.50 789.50
661.00 290.50 1259.00 789.50
628.00 297.00 1292.00 783.00
668.00 290.50 1252.00 789.50
743.00 375.50 1177.00 704.50
832.00 540.00 1088.00 540.00
574.00 540.00 1346.00 540.00
569.00 540.00 1351.00 540.00
541.00 540.00 1379.00 540.00
693.00 540.00 1227.00 540.00
600.00 540.00 1320.00 540.00
545.00 540.00 1375.00 540.00
518.00 540.00 1402.00 540.00
518.00 540.00 1402.00 540.00
590.00 536.00 1330.00 544.00
548.00 540.00 1372.00 540.00
569.00 540.00 1351.00 540.00
813.00 540.00 1107.00 540.00
720.00 535.50 1200.00 544.50
518.00 497.50 1402.00 582.50
518.00 528.00 1402.00 552.00
517.00 512.50 1403.00 567.50
521.00 304.50 1399.00 775.50
519.00 540.00 1401.00 540.00
707.00 536.50 1213.00 543.50
758.00 540.00 1162.00 540.00
536.00 540.00 1384.00 540.00
713.00 540.00 1207.00 540.00
594.00 540.00 1326.00 540.00
959.00 540.00 961.00 540.00
954.50 540.00 965.50 540.00
547.00 540.00 1373.00 540.00
787.00 540.00 1133.00 540.00
806.00 540.00 1114.00 540.00
678.00 540.00 1242.00 540.00
960.00 540.00 960.00 540.00
668.00 540.00 1252.00 540.00
955.50 540.00 964.50 540.00
708.00 540.00 1212.00 540.00
690.00 540.00 1230.00 540.00
701.00 540.00 1219.00 540.00
579.00 540.00 1341.00 540.00
751.00 540.00 1169.00 540.00
718.00 492.50 1202.00 587.50
617.00 470.00 1303.00 610.00
745.00 403.00 1175.00 677.00
553.00 433.50 1367.00 646.50
565.00 403.50 1355.00 676.50
808.00 290.50 1112.00 789.50
608.00 540.00 1312.00 540.00
774.00 540.00 1146.00 540.00
718.00 540.00 1202.00 540.00
622.00 540.00 1298.00 540.00
900.00 540.00 1020.00 540.00
903.00 540.00 1017.00 540.00
582.00 540.00 1338.00 540.00
671.00 540.00 1249.00 540.00
672.00 540.00 1248.00 540.00
680.00 540.00 1240.00 540.00
518.00 540.00 1402.00 540.00
517.00 540.00 1403.00 540.00
528.00 540.00 1392.00 540.00
532.00 540.00 1388.00 540.00
591.00 540.00 1329.00 540.00
782.00 540.00 1138.00 540.00
796.00 540.00 1124.00 540.00
556.00 540.00 1364.00 540.00
960.00 540.00 960.00 540.00
618.00 540.00 1302.00 540.00
656.00 540.00 1264.00 540.00
565.00 540.00 1355.00 540.00
657.00 540.00 1263.00 540.00
560.00 540.00 1360.00 540.00
754.00 540.00 1166.00 540.00
651.00 540.00 1269.00 540.00
945.00 540.00 975.00 540.00
899.00 540.00 1021.00 540.00
673.00 540.00 1247.00 540.00
960.00 540.00 960.00 540.00
959.00 540.00 961.00 540.00
960.00 540.00 960.00 540.00
960.00 540.00 960.00 540.00
960.00 540.00 960.00 540.00
951.50 540.00 968.50 540.00
928.00 540.00 992.00 540.00
670.00 540.00 1250.00 540.00
680.00 540.00 1240.00 540.00
844.00 540.00 1076.00 540.00
841.00 540.00 1079.00 540.00
916.00 539.50 1004.00 540.50
759.00 539.50 1161.00 540.50
542.00 540.00 1378.00 540.00
721.00 421.50 1199.00 658.50
652.00 346.50 1268.00 733.50
518.00 378.50 1402.00 701.50
872.00 294.50 1048.00 785.50
630.00 290.50 1290.00 789.50
728.00 293.00 1192.00 787.00
821.00 295.00 1099.00 785.00
624.00 295.00 1296.00 785.00
688.00 497.00 1232.00 583.00
767.00 539.50 1153.00 540.50
878.00 540.00 1042.00 540.00
952.50 540.00 967.50 540.00
959.00 540.00 961.00 540.00
949.00 540.00 971.00 540.00
952.50 540.00 967.50 540.00
960.00 540.00 960.00 540.00
960.00 540.00 960.00 540.00
796.00 540.00 1124.00 540.00
960.00 540.00 960.00 540.00
950.50 540.00 969.50 540.00
719.00 540.00 1201.00 540.00
949.00 540.00 971.00 540.00
805.00 540.00 1115.00 540.00
843.00 540.00 1077.00 540.00
758.00 540.00 1162.00 540.00
560.00 540.00 1360.00 540.00
692.00 539.50 1228.00 540.50
599.00 444.50 1321.00 635.50
518.00 353.50 1402.00 726.50
602.00 391.50 1318.00 688.50
539.00 292.00 1381.00 788.00
664.00 540.00 1256.00 540.00
545.00 540.00 1375.00 540.00
790.00 540.00 1130.00 540.00
564.00 540.00 1356.00 540.00
956.00 540.00 964.00 540.00
951.50 540.00 968.50 540.00
878.00 540.00 1042.00 540.00
953.50 540.00 966.50 540.00
919.00 540.00 1001.00 540.00
909.50 540.00 1010.50 540.00
871.00 540.00 1049.00 540.00
954.50 540.00 965.50 540.00
949.00 540.00 971.00 540.00
892.00 540.00 1028.00 540.00
944.00 540.00 976.00 540.00
928.00 540.00 992.00 540.00
779.00 540.00 1141.00 540.00
520.00 540.00 1400.00 540.00
741.00 540.00 1179.00 540.00
519.00 356.00 1401.00 724.00
640.00 499.50 1280.00 580.50
854.00 291.00 1066.00 789.00
686.00 290.50 1234.00 789.50
560.00 290.50 1360.00 789.50
679.00 290.50 1241.00 789.50
722.00 291.50 1198.00 788.50
527.00 290.50 1393.00 789.50
559.00 290.50 1361.00 789.50
522.00 290.50 1398.00 789.50
892.00 337.50 1028.00 742.50
520.00 290.50 1400.00 789.50
700.00 540.00 1220.00 540.00
680.00 530.00 1240.00 550.00
928.00 540.00 992.00 540.00
811.00 540.00 1109.00 540.00
590.00 540.00 1330.00 540.00
813.00 540.00 1107.00 540.00
809.00 540.00 1111.00 540.00
579.00 540.00 1341.00 540.00
617.00 537.00 1303.00 543.00
551.00 540.00 1369.00 540.00
616.00 540.00 1304.00 540.00
580.00 540.00 1340.00 540.00
548.00 540.00 1372.00 540.00
658.00 540.00 1262.00 540.00
552.00 540.00 1368.00 540.00
532.00 540.00 1388.00 540.00
935.50 540.00 984.50 540.00
935.50 540.00 984.50 540.00
959.00 540.00 961.00 540.00
958.00 540.00 962.00 540.00
958.00 540.00 962.00 540.00
952.50 540.00 967.50 540.00
936.50 523.00 983.50 557.00
651.00 539.50 1269.00 540.50
592.00 540.00 1328.00 540.00
675.00 298.00 1245.00 782.00
820.00 291.00 1100.00 789.00
528.00 339.00 1392.00 741.00
569.00 290.50 1351.00 789.50
602.00 291.00 1318.00 789.00
541.00 290.50 1379.00 789.50
715.00 290.50 1205.00 789.50
957.00 290.50 963.00 789.50
959.00 290.50 961.00 789.50
888.00 290.50 1032.00 789.50
518.00 475.00 1402.00 605.00
585.00 292.00 1335.00 788.00
669.00 377.50 1251.00 702.50
590.00 439.50 1330.00 640.50
682.00 540.00 1238.00 540.00
892.00 540.00 1028.00 540.00
898.00 540.00 1022.00 540.00
907.50 540.00 1012.50 540.00
688.00 540.00 1232.00 540.00
544.00 540.00 1376.00 540.00
954.50 540.00 965.50 540.00
959.00 540.00 961.00 540.00
960.00 540.00 960.00 540.00
960.00 540.00 960.00 540.00
957.00 540.00 963.00 540.00
960.00 540.00 960.00 540.00
956.00 540.00 964.00 540.00
959.00 540.00 961.00 540.00
818.00 540.00 1102.00 540.00
637.00 540.00 1283.00 540.00
948.00 540.00 972.00 540.00
645.00 540.00 1275.00 540.00
679.00 540.00 1241.00 540.00
948.00 540.00 972.00 540.00
931.00 540.00 989.00 540.00
657.00 540.00 1263.00 540.00
627.00 539.00 1293.00 541.00
594.00 500.00 1326.00 580.00
626.00 395.00 1294.00 685.00
523.00 292.50 1397.00 787.50
543.00 297.00 1377.00 783.00
670.00 290.50 1250.00 789.50
581.00 290.50 1339.00 789.50
519.00 290.50 1401.00 789.50
517.00 290.50 1403.00 789.50
546.00 290.50 1374.00 789.50
880.00 290.50 1040.00 789.50
517.00 404.00 1403.00 676.00
692.00 313.00 1228.00 767.00
517.00 539.50 1403.00 540.50
541.00 540.00 1379.00 540.00
586.00 540.00 1334.00 540.00
542.00 540.00 1378.00 540.00
633.00 540.00 1287.00 540.00
538.00 540.00 1382.00 540.00
625.00 540.00 1295.00 540.00
675.00 540.00 1245.00 540.00
933.00 540.00 987.00 540.00
898.00 540.00 1022.00 540.00
653.00 540.00 1267.00 540.00
926.00 540.00 994.00 540.00
803.00 540.00 1117.00 540.00
958.00 540.00 962.00 540.00
906.50 540.00 1013.50 540.00
872.00 539.50 1048.00 540.50
809.00 540.00 1111.00 540.00
810.00 540.00 1110.00 540.00
935.50 540.00 984.50 540.00
934.00 540.00 986.00 540.00
930.00 540.00 990.00 540.00
776.00 540.00 1144.00 540.00
951.50 540.00 968.50 540.00
927.00 540.00 993.00 540.00
959.00 540.00 961.00 540.00
951.50 540.00 968.50 540.00
833.00 540.00 1087.00 540.00
955.50 540.00 964.50 540.00
958.00 540.00 962.00 540.00
937.50 540.00 982.50 540.00
894.00 540.00 1026.00 540.00
717.00 540.00 1203.00 540.00
851.00 540.00 1069.00 540.00
960.00 540.00 960.00 540.00
889.00 540.00 1031.00 540.00
950.50 540.00 969.50 540.00
607.00 540.00 1313.00 540.00
946.00 540.00 974.00 540.00
627.00 540.00 1293.00 540.00
960.00 540.00 960.00 540.00
951.50 540.00 968.50 540.00
960.00 540.00 960.00 540.00
957.00 540.00 963.00 540.00
952.50 540.00 967.50 540.00
922.50 540.00 997.50 540.00
927.00 540.00 993.00 540.00
609.00 540.00 1311.00 540.00
750.00 540.00 1170.00 540.00
560.00 540.00 1360.00 540.00
537.00 532.00 1383.00 548.00
518.00 302.00 1402.00 778.00
595.00 449.00 1325.00 631.00
637.00 290.50 1283.00 789.50
644.00 290.50 1276.00 789.50
524.00 290.50 1396.00 789.50
581.00 291.50 1339.00 788.50
586.00 290.50 1334.00 789.50
563.00 293.50 1357.00 786.50
544.00 363.00 1376.00 717.00
545.00 539.50 1375.00 540.50
795.00 540.00 1125.00 540.00
613.00 540.00 1307.00 540.00
957.00 540.00 963.00 540.00
936.50 540.00 983.50 540.00
957.00 540.00 963.00 540.00
959.00 540.00 961.00 540.00
958.00 540.00 962.00 540.00
958.00 540.00 962.00 540.00
958.00 540.00 962.00 540.00
960.00 540.00 960.00 540.00
959.00 540.00 961.00 540.00
955.50 540.00 964.50 540.00
960.00 540.00 960.00 540.00
958.00 540.00 962.00 540.00
944.00 540.00 976.00 540.00
855.00 540.00 1065.00 540.00
857.00 540.00 1063.00 540.00
592.00 540.00 1328.00 540.00
524.00 540.00 1396.00 540.00
806.00 500.50 1114.00 579.50
666.00 290.50 1254.00 789.50
517.00 295.00 1403.00 785.00
518.00 291.00 1402.00 789.00
517.00 291.00 1403.00 789.00
517.00 290.50 1403.00 789.50
517.00 290.50 1403.00 789.50
517.00 290.50 1403.00 789.50
520.00 291.00 1400.00 789.00
519.00 510.50 1401.00 569.50
519.00 530.00 1401.00 550.00
518.00 540.00 1402.00 540.00
759.00 540.00 1161.00 540.00
836.00 540.00 1084.00 540.00
947.00 540.00 973.00 540.00
953.50 540.00 966.50 540.00
908.50 540.00 1011.50 540.00
913.00 540.00 1007.00 540.00
892.00 540.00 1028.00 540.00
951.50 540.00 968.50 540.00
953.50 540.00 966.50 540.00
742.00 540.00 1178.00 540.00
817.00 540.00 1103.00 540.00
717.00 540.00 1203.00 540.00
884.00 540.00 1036.00 540.00
960.00 540.00 960.00 540.00
853.00 540.00 1067.00 540.00
630.00 540.00 1290.00 540.00
744.00 540.00 1176.00 540.00
620.00 540.00 1300.00 540.00
890.00 539.50 1030.00 540.50
957.00 540.00 963.00 540.00
953.50 540.00 966.50 540.00
650.00 540.00 1270.00 540.00
874.00 528.00 1046.00 552.00
880.00 540.00 1040.00 540.00
837.00 540.00 1083.00 540.00
879.00 540.00 1041.00 540.00
542.00 540.00 1378.00 540.00
657.00 540.00 1263.00 540.00
519.00 540.00 1401.00 540.00
543.00 540.00 1377.00 540.00
518.00 540.00 1402.00 540.00
518.00 540.00 1402.00 540.00
518.00 540.00 1402.00 540.00
547.00 302.50 1373.00 777.50
556.00 290.50 1364.00 789.50
763.00 290.50 1157.00 789.50
560.00 340.50 1360.00 739.50
533.00 291.00 1387.00 789.00
527.00 296.00 1393.00 784.00
575.00 290.50 1345.00 789.50
534.00 473.00 1386.00 607.00
770.00 306.00 1150.00 774.00
557.00 540.00 1363.00 540.00
623.00 540.00 1297.00 540.00
761.00 540.00 1159.00 540.00
932.00 540.00 988.00 540.00
927.00 540.00 993.00 540.00
938.50 540.00 981.50 540.00
960.00 540.00 960.00 540.00
844.00 540.00 1076.00 540.00
791.00 540.00 1129.00 540.00
960.00 540.00 960.00 540.00
960.00 540.00 960.00 540.00
960.00 540.00 960.00 540.00
960.00 540.00 960.00 540.00
960.00 540.00 960.00 540.00
959.00 540.00 961.00 540.00
939.50 540.00 980.50 540.00
954.50 540.00 965.50 540.00
947.00 540.00 973.00 540.00
864.00 540.00 1056.00 540.00
787.00 540.00 1133.00 540.00
588.00 537.50 1332.00 542.50
536.00 403.50 1384.00 676.50
539.00 383.00 1381.00 697.00
666.00 290.50 1254.00 789.50
522.00 295.50 1398.00 784.50
518.00 290.50 1402.00 789.50
742.00 290.50 1178.00 789.50
576.00 297.50 1344.00 782.50
917.00 291.50 1003.00 788.50
717.00 303.00 1203.00 777.00
594.00 314.00 1326.00 766.00
727.00 498.00 1193.00 582.00
851.00 540.00 1069.00 540.00
548.00 540.00 1372.00 540.00
648.00 540.00 1272.00 540.00
842.00 540.00 1078.00 540.00
522.00 540.00 1398.00 540.00
661.00 540.00 1259.00 540.00
932.00 540.00 988.00 540.00
931.00 540.00 989.00 540.00
801.00 540.00 1119.00 540.00
817.00 540.00 1103.00 540.00
695.00 540.00 1225.00 540.00
946.00 540.00 974.00 540.00
926.00 540.00 994.00 540.00
907.50 540.00 1012.50 540.00
959.00 540.00 961.00 540.00
955.50 540.00 964.50 540.00
802.00 540.00 1118.00 540.00
959.00 540.00 961.00 540.00
849.00 540.00 1071.00 540.00
699.00 540.00 1221.00 540.00
752.00 540.00 1168.00 540.00
960.00 540.00 960.00 540.00
892.00 540.00 1028.00 540.00
896.00 540.00 1024.00 540.00
957.00 540.00 963.00 540.00
960.00 540.00 960.00 540.00
957.00 536.50 963.00 543.50
702.00 540.00 1218.00 540.00
735.00 531.50 1185.00 548.50
681.00 540.00 1239.00 540.00
543.00 521.50 1377.00 558.50
651.00 456.50 1269.00 623.50
641.00 293.00 1279.00 787.00
868.00 291.00 1052.00 789.00
952.50 350.00 967.50 730.00
608.00 533.50 1312.00 546.50
795.00 540.00 1125.00 540.00
826.00 540.00 1094.00 540.00
721.00 540.00 1199.00 540.00
959.00 540.00 961.00 540.00
953.50 540.00 966.50 540.00
959.00 540.00 961.00 540.00
959.00 540.00 961.00 540.00
805.00 540.00 1115.00 540.00
944.00 540.00 976.00 540.00
517.00 540.00 1403.00 540.00
877.00 540.00 1043.00 540.00
919.00 540.00 1001.00 540.00
831.00 540.00 1089.00 540.00
850.00 540.00 1070.00 540.00
946.00 540.00 974.00 540.00
848.00 540.00 1072.00 540.00
941.00 540.00 979.00 540.00
832.00 540.00 1088.00 540.00
768.00 540.00 1152.00 540.00
649.00 540.00 1271.00 540.00
532.00 540.00 1388.00 540.00
537.00 540.00 1383.00 540.00
627.00 540.00 1293.00 540.00
912.00 540.00 1008.00 540.00
757.00 540.00 1163.00 540.00
656.00 540.00 1264.00 540.00
875.00 290.50 1045.00 789.50
751.00 529.50 1169.00 550.50
611.00 540.00 1309.00 540.00
635.00 290.50 1285.00 789.50
671.00 492.00 1249.00 588.00
741.00 290.50 1179.00 789.50
534.00 290.50 1386.00 789.50
600.00 290.50 1320.00 789.50
