960.00 182.00 83.00 155.00
631.00 290.50 1289.00 789.50
584.00 290.50 1336.00 789.50
526.00 290.50 1394.00 789.50
599.00 290.50 1321.00 789.50
551.00 290.50 1369.00 789.50
518.00 290.50 1402.00 789.50
528.00 290.50 1392.00 789.50
575.00 290.50 1345.00 789.50
592.00 290.50 1328.00 789.50
551.00 290.50 1369.00 789.50
538.00 290.50 1382.00 789.50
600.00 290.50 1320.00 789.50
720.00 290.50 1200.00 789.50
726.00 290.50 1194.00 789.50
692.00 290.50 1228.00 789.50
525.00 290.50 1395.00 789.50
524.00 290.50 1396.00 789.50
560.00 290.50 1360.00 789.50
593.00 290.50 1327.00 789.50
517.00 308.50 1403.00 771.50
518.00 290.50 1402.00 789.50
659.00 290.50 1261.00 789.50
578.00 290.50 1342.00 789.50
562.00 290.50 1358.00 789.50
548.00 290.50 1372.00 789.50
555.00 290.50 1365.00 789.50
543.00 290.50 1377.00 789.50
527.00 290.50 1393.00 789.50
522.00 290.50 1398.00 789.50
518.00 523.50 1402.00 556.50
538.00 540.00 1382.00 540.00
531.00 533.50 1389.00 546.50
517.00 540.00 1403.00 540.00
546.00 290.50 1374.00 789.50
518.00 290.50 1402.00 789.50
521.00 290.50 1399.00 789.50
523.00 349.50 1397.00 730.50
660.00 539.50 1260.00 540.50
628.00 440.50 1292.00 639.50
582.00 368.00 1338.00 712.00
523.00 299.50 1397.00 780.50
531.00 290.50 1389.00 789.50
586.00 290.50 1334.00 789.50
527.00 290.50 1393.00 789.50
521.00 290.50 1399.00 789.50
535.00 290.50 1385.00 789.50
517.00 290.50 1403.00 789.50
678.00 290.50 1242.00 789.50
522.00 290.50 1398.00 789.50
517.00 290.50 1403.00 789.50
517.00 290.50 1403.00 789.50
541.00 290.50 1379.00 789.50
691.00 290.50 1229.00 789.50
616.00 290.50 1304.00 789.50
526.00 290.50 1394.00 789.50
526.00 290.50 1394.00 789.50
531.00 347.50 1389.00 732.50
517.00 290.50 1403.00 789.50
517.00 290.50 1403.00 789.50
549.00 488.50 1371.00 591.50
878.00 290.50 1042.00 789.50
557.00 290.50 1363.00 789.50
693.00 290.50 1227.00 789.50
699.00 366.50 1221.00 713.50
886.00 301.50 1034.00 778.50
517.00 290.50 1403.00 789.50
529.00 290.50 1391.00 789.50
573.00 331.50 1347.00 748.50
703.00 460.50 1217.00 619.50
938.50 540.00 981.50 540.00
698.00 290.50 1222.00 789.50
697.00 290.50 1223.00 789.50
866.00 290.50 1054.00 789.50
519.00 290.50 1401.00 789.50
571.00 368.00 1349.00 712.00
518.00 325.00 1402.00 755.00
548.00 425.00 1372.00 655.00
517.00 290.50 1403.00 789.50
531.00 290.50 1389.00 789.50
517.00 290.50 1403.00 789.50
517.00 290.50 1403.00 789.50
518.00 290.50 1402.00 789.50
650.00 290.50 1270.00 789.50
792.00 290.50 1128.00 789.50
595.00 290.50 1325.00 789.50
631.00 290.50 1289.00 789.50
960.00 538.00 960.00 542.00
960.00 290.50 960.00 789.50
960.00 290.50 960.00 789.50
960.00 290.50 960.00 789.50
960.00 290.50 960.00 789.50
956.00 290.50 964.00 789.50
849.00 290.50 1071.00 789.50
925.50 290.50 994.50 789.50
946.00 290.50 974.00 789.50
960.00 290.50 960.00 789.50
942.00 290.50 978.00 789.50
571.00 293.50 1349.00 786.50
530.00 515.00 1390.00 565.00
571.00 297.00 1349.00 783.00
518.00 540.00 1402.00 540.00
518.00 539.50 1402.00 540.50
557.00 540.00 1363.00 540.00
517.00 489.50 1403.00 590.50
517.00 540.00 1403.00 540.00
517.00 540.00 1403.00 540.00
517.00 540.00 1403.00 540.00
517.00 540.00 1403.00 540.00
517.00 539.50 1403.00 540.50
517.00 540.00 1403.00 540.00
517.00 290.50 1403.00 789.50
517.00 539.00 1403.00 541.00
517.00 540.00 1403.00 540.00
517.00 539.50 1403.00 540.50
517.00 351.50 1403.00 728.50
538.00 290.50 1382.00 789.50
517.00 317.50 1403.00 762.50
517.00 540.00 1403.00 540.00
517.00 540.00 1403.00 540.00
519.00 290.50 1401.00 789.50
518.00 423.50 1402.00 656.50
517.00 455.50 1403.00 624.50
517.00 295.50 1403.00 784.50
517.00 540.00 1403.00 540.00
517.00 480.50 1403.00 599.50
517.00 473.50 1403.00 606.50
517.00 540.00 1403.00 540.00
517.00 540.00 1403.00 540.00
517.00 540.00 1403.00 540.00
517.00 291.00 1403.00 789.00
517.00 291.00 1403.00 789.00
517.00 504.50 1403.00 575.50
523.00 540.00 1397.00 540.00
545.00 504.00 1375.00 576.00
525.00 517.00 1395.00 563.00
519.00 470.50 1401.00 609.50
536.00 539.00 1384.00 541.00
518.00 400.50 1402.00 679.50
518.00 290.50 1402.00 789.50
555.00 422.50 1365.00 657.50
517.00 494.50 1403.00 585.50
582.00 518.50 1338.00 561.50
652.00 327.50 1268.00 752.50
657.00 290.50 1263.00 789.50
533.00 290.50 1387.00 789.50
517.00 290.50 1403.00 789.50
517.00 453.00 1403.00 627.00
517.00 302.00 1403.00 778.00
517.00 290.50 1403.00 789.50
517.00 310.00 1403.00 770.00
517.00 290.50 1403.00 789.50
536.00 475.50 1384.00 604.50
520.00 445.00 1400.00 635.00
517.00 290.50 1403.00 789.50
528.00 290.50 1392.00 789.50
572.00 290.50 1348.00 789.50
561.00 290.50 1359.00 789.50
658.00 290.50 1262.00 789.50
732.00 290.50 1188.00 789.50
518.00 290.50 1402.00 789.50
520.00 290.50 1400.00 789.50
520.00 290.50 1400.00 789.50
518.00 290.50 1402.00 789.50
546.00 290.50 1374.00 789.50
522.00 290.50 1398.00 789.50
630.00 290.50 1290.00 789.50
758.00 290.50 1162.00 789.50
746.00 290.50 1174.00 789.50
608.00 290.50 1312.00 789.50
577.00 290.50 1343.00 789.50
522.00 290.50 1398.00 789.50
542.00 290.50 1378.00 789.50
636.00 290.50 1284.00 789.50
543.00 290.50 1377.00 789.50
522.00 290.50 1398.00 789.50
739.00 290.50 1181.00 789.50
798.00 290.50 1122.00 789.50
927.00 290.50 993.00 789.50
810.00 290.50 1110.00 789.50
846.00 290.50 1074.00 789.50
641.00 290.50 1279.00 789.50
635.00 290.50 1285.00 789.50
930.00 290.50 990.00 789.50
690.00 540.00 1230.00 540.00
724.00 290.50 1196.00 789.50
767.00 290.50 1153.00 789.50
695.00 502.50 1225.00 577.50
777.00 315.00 1143.00 765.00
864.00 290.50 1056.00 789.50
641.00 292.00 1279.00 788.00
568.00 290.50 1352.00 789.50
622.00 291.50 1298.00 788.50
553.00 291.00 1367.00 789.00
711.00 290.50 1209.00 789.50
647.00 294.50 1273.00 785.50
664.00 444.50 1256.00 635.50
715.00 290.50 1205.00 789.50
795.00 540.00 1125.00 540.00
670.00 290.50 1250.00 789.50
558.00 291.00 1362.00 789.00
655.00 291.50 1265.00 788.50
655.00 291.00 1265.00 789.00
956.00 290.50 964.00 789.50
598.00 290.50 1322.00 789.50
583.00 315.50 1337.00 764.50
658.00 424.00 1262.00 656.00
680.00 430.00 1240.00 650.00
532.00 435.50 1388.00 644.50
522.00 455.50 1398.00 624.50
547.00 362.50 1373.00 717.50
555.00 296.50 1365.00 783.50
587.00 292.50 1333.00 787.50
669.00 290.50 1251.00 789.50
519.00 290.50 1401.00 789.50
517.00 290.50 1403.00 789.50
518.00 290.50 1402.00 789.50
517.00 454.50 1403.00 625.50
517.00 540.00 1403.00 540.00
518.00 539.50 1402.00 540.50
538.00 290.50 1382.00 789.50
519.00 290.50 1401.00 789.50
518.00 290.50 1402.00 789.50
622.00 290.50 1298.00 789.50
608.00 290.50 1312.00 789.50
517.00 290.50 1403.00 789.50
518.00 290.50 1402.00 789.50
518.00 290.50 1402.00 789.50
517.00 290.50 1403.00 789.50
518.00 290.50 1402.00 789.50
518.00 290.50 1402.00 789.50
517.00 290.50 1403.00 789.50
518.00 290.50 1402.00 789.50
518.00 290.50 1402.00 789.50
517.00 290.50 1403.00 789.50
517.00 290.50 1403.00 789.50
519.00 290.50 1401.00 789.50
595.00 290.50 1325.00 789.50
548.00 290.50 1372.00 789.50
527.00 290.50 1393.00 789.50
527.00 290.50 1393.00 789.50
524.00 290.50 1396.00 789.50
521.00 290.50 1399.00 789.50
519.00 290.50 1401.00 789.50
521.00 290.50 1399.00 789.50
523.00 290.50 1397.00 789.50
550.00 290.50 1370.00 789.50
517.00 290.50 1403.00 789.50
517.00 291.00 1403.00 789.00
517.00 291.00 1403.00 789.00
518.00 293.50 1402.00 786.50
658.00 291.00 1262.00 789.00
532.00 316.00 1388.00 764.00
517.00 532.00 1403.00 548.00
517.00 532.00 1403.00 548.00
517.00 540.00 1403.00 540.00
517.00 540.00 1403.00 540.00
517.00 322.50 1403.00 757.50
517.00 355.00 1403.00 725.00
517.00 348.00 1403.00 732.00
517.00 540.00 1403.00 540.00
517.00 539.50 1403.00 540.50
521.00 540.00 1399.00 540.00
518.00 540.00 1402.00 540.00
520.00 533.50 1400.00 546.50
519.00 290.50 1401.00 789.50
559.00 393.00 1361.00 687.00
532.00 294.50 1388.00 785.50
537.00 539.00 1383.00 541.00
568.00 540.00 1352.00 540.00
633.00 530.00 1287.00 550.00
775.00 290.50 1145.00 789.50
704.00 290.50 1216.00 789.50
814.00 290.50 1106.00 789.50
695.00 388.00 1225.00 692.00
537.00 290.50 1383.00 789.50
846.00 290.50 1074.00 789.50
790.00 290.50 1130.00 789.50
662.00 290.50 1258.00 789.50
706.00 381.50 1214.00 698.50
897.00 290.50 1023.00 789.50
693.00 438.00 1227.00 642.00
913.00 290.50 1007.00 789.50
913.00 292.00 1007.00 788.00
796.00 539.50 1124.00 540.50
893.00 539.50 1027.00 540.50
949.00 539.50 971.00 540.50
959.00 290.50 961.00 789.50
956.00 290.50 964.00 789.50
736.00 536.50 1184.00 543.50
738.00 540.00 1182.00 540.00
791.00 540.00 1129.00 540.00
667.00 540.00 1253.00 540.00
805.00 540.00 1115.00 540.00
880.00 538.50 1040.00 541.50
656.00 505.00 1264.00 575.00
794.00 485.50 1126.00 594.50
898.00 526.00 1022.00 554.00
842.00 539.50 1078.00 540.50
813.00 495.00 1107.00 585.00
944.00 290.50 976.00 789.50
775.00 290.50 1145.00 789.50
848.00 290.50 1072.00 789.50
873.00 291.00 1047.00 789.00
648.00 362.50 1272.00 717.50
560.00 483.50 1360.00 596.50
818.00 504.00 1102.00 576.00
793.00 290.50 1127.00 789.50
672.00 291.50 1248.00 788.50
687.00 290.50 1233.00 789.50
806.00 290.50 1114.00 789.50
669.00 290.50 1251.00 789.50
578.00 367.00 1342.00 713.00
529.00 387.50 1391.00 692.50
543.00 540.00 1377.00 540.00
622.00 447.00 1298.00 633.00
562.00 295.00 1358.00 785.00
548.00 291.50 1372.00 788.50
618.00 290.50 1302.00 789.50
572.00 526.50 1348.00 553.50
718.00 349.00 1202.00 731.00
553.00 383.00 1367.00 697.00
524.00 324.00 1396.00 756.00
520.00 373.50 1400.00 706.50
518.00 540.00 1402.00 540.00
535.00 290.50 1385.00 789.50
517.00 531.00 1403.00 549.00
617.00 290.50 1303.00 789.50
640.00 290.50 1280.00 789.50
592.00 518.50 1328.00 561.50
592.00 293.00 1328.00 787.00
568.00 301.50 1352.00 778.50
662.00 290.50 1258.00 789.50
705.00 290.50 1215.00 789.50
668.00 290.50 1252.00 789.50
664.00 291.50 1256.00 788.50
546.00 291.00 1374.00 789.00
557.00 290.50 1363.00 789.50
699.00 290.50 1221.00 789.50
679.00 292.00 1241.00 788.00
526.00 330.00 1394.00 750.00
548.00 328.50 1372.00 751.50
604.00 295.50 1316.00 784.50
517.00 320.00 1403.00 760.00
517.00 518.00 1403.00 562.00
545.00 341.50 1375.00 738.50
655.00 290.50 1265.00 789.50
674.00 290.50 1246.00 789.50
701.00 290.50 1219.00 789.50
708.00 290.50 1212.00 789.50
648.00 290.50 1272.00 789.50
684.00 290.50 1236.00 789.50
664.00 290.50 1256.00 789.50
789.00 291.50 1131.00 788.50
734.00 290.50 1186.00 789.50
649.00 290.50 1271.00 789.50
906.50 290.50 1013.50 789.50
773.00 291.00 1147.00 789.00
747.00 290.50 1173.00 789.50
713.00 290.50 1207.00 789.50
691.00 290.50 1229.00 789.50
674.00 290.50 1246.00 789.50
677.00 290.50 1243.00 789.50
700.00 291.00 1220.00 789.00
729.00 290.50 1191.00 789.50
523.00 290.50 1397.00 789.50
687.00 290.50 1233.00 789.50
663.00 290.50 1257.00 789.50
628.00 290.50 1292.00 789.50
672.00 290.50 1248.00 789.50
732.00 290.50 1188.00 789.50
710.00 290.50 1210.00 789.50
698.00 290.50 1222.00 789.50
732.00 290.50 1188.00 789.50
711.00 290.50 1209.00 789.50
805.00 290.50 1115.00 789.50
685.00 290.50 1235.00 789.50
887.00 290.50 1033.00 789.50
781.00 290.50 1139.00 789.50
858.00 290.50 1062.00 789.50
680.00 290.50 1240.00 789.50
708.00 290.50 1212.00 789.50
742.00 290.50 1178.00 789.50
600.00 290.50 1320.00 789.50
518.00 290.50 1402.00 789.50
635.00 290.50 1285.00 789.50
589.00 290.50 1331.00 789.50
565.00 290.50 1355.00 789.50
581.00 290.50 1339.00 789.50
654.00 290.50 1266.00 789.50
804.00 290.50 1116.00 789.50
902.00 290.50 1018.00 789.50
781.00 290.50 1139.00 789.50
661.00 290.50 1259.00 789.50
572.00 366.00 1348.00 714.00
638.00 291.00 1282.00 789.00
583.00 290.50 1337.00 789.50
772.00 290.50 1148.00 789.50
591.00 305.50 1329.00 774.50
919.50 290.50 1000.50 789.50
694.00 405.00 1226.00 675.00
617.00 290.50 1303.00 789.50
606.00 291.50 1314.00 788.50
669.00 290.50 1251.00 789.50
744.00 290.50 1176.00 789.50
659.00 290.50 1261.00 789.50
658.00 290.50 1262.00 789.50
625.00 316.00 1295.00 764.00
722.00 372.00 1198.00 708.00
750.00 290.50 1170.00 789.50
642.00 291.50 1278.00 788.50
770.00 290.50 1150.00 789.50
866.00 290.50 1054.00 789.50
854.00 290.50 1066.00 789.50
747.00 290.50 1173.00 789.50
711.00 290.50 1209.00 789.50
776.00 290.50 1144.00 789.50
756.00 290.50 1164.00 789.50
635.00 290.50 1285.00 789.50
733.00 290.50 1187.00 789.50
824.00 290.50 1096.00 789.50
609.00 344.00 1311.00 736.00
647.00 290.50 1273.00 789.50
731.00 290.50 1189.00 789.50
530.00 290.50 1390.00 789.50
529.00 353.00 1391.00 727.00
533.00 290.50 1387.00 789.50
915.00 290.50 1005.00 789.50
735.00 290.50 1185.00 789.50
903.00 290.50 1017.00 789.50
518.00 304.00 1402.00 776.00
521.00 290.50 1399.00 789.50
578.00 290.50 1342.00 789.50
517.00 290.50 1403.00 789.50
517.00 290.50 1403.00 789.50
517.00 290.50 1403.00 789.50
591.00 528.00 1329.00 552.00
517.00 317.00 1403.00 763.00
528.00 377.00 1392.00 703.00
584.00 290.50 1336.00 789.50
541.00 290.50 1379.00 789.50
650.00 290.50 1270.00 789.50
694.00 290.50 1226.00 789.50
720.00 290.50 1200.00 789.50
657.00 290.50 1263.00 789.50
601.00 290.50 1319.00 789.50
692.00 290.50 1228.00 789.50
600.00 290.50 1320.00 789.50
724.00 290.50 1196.00 789.50
681.00 290.50 1239.00 789.50
540.00 290.50 1380.00 789.50
519.00 299.00 1401.00 781.00
537.00 291.00 1383.00 789.00
521.00 292.00 1399.00 788.00
517.00 295.00 1403.00 785.00
538.00 290.50 1382.00 789.50
535.00 290.50 1385.00 789.50
523.00 290.50 1397.00 789.50
566.00 290.50 1354.00 789.50
519.00 290.50 1401.00 789.50
523.00 290.50 1397.00 789.50
663.00 291.00 1257.00 789.00
766.00 290.50 1154.00 789.50
668.00 290.50 1252.00 789.50
638.00 290.50 1282.00 789.50
638.00 290.50 1282.00 789.50
626.00 290.50 1294.00 789.50
615.00 290.50 1305.00 789.50
644.00 290.50 1276.00 789.50
591.00 290.50 1329.00 789.50
545.00 290.50 1375.00 789.50
563.00 290.50 1357.00 789.50
595.00 290.50 1325.00 789.50
667.00 290.50 1253.00 789.50
690.00 290.50 1230.00 789.50
521.00 300.00 1399.00 780.00
518.00 306.00 1402.00 774.00
517.00 409.00 1403.00 671.00
548.00 295.00 1372.00 785.00
520.00 472.50 1400.00 607.50
518.00 540.00 1402.00 540.00
657.00 326.00 1263.00 754.00
548.00 293.50 1372.00 786.50
618.00 290.50 1302.00 789.50
542.00 486.50 1378.00 593.50
553.00 313.00 1367.00 767.00
574.00 290.50 1346.00 789.50
517.00 333.50 1403.00 746.50
536.00 308.00 1384.00 772.00
564.00 290.50 1356.00 789.50
526.00 306.50 1394.00 773.50
604.00 290.50 1316.00 789.50
563.00 290.50 1357.00 789.50
565.00 290.50 1355.00 789.50
526.00 290.50 1394.00 789.50
518.00 290.50 1402.00 789.50
520.00 454.50 1400.00 625.50
525.00 308.50 1395.00 771.50
542.00 290.50 1378.00 789.50
549.00 290.50 1371.00 789.50
