1375.00 376.00 182.00 144.00
517.00 290.50 1403.00 789.50
517.00 290.50 1403.00 789.50
688.00 290.50 1232.00 789.50
524.00 422.50 1396.00 657.50
517.00 453.00 1403.00 627.00
521.00 300.50 1399.00 779.50
521.00 327.50 1399.00 752.50
520.00 296.00 1400.00 784.00
517.00 540.00 1403.00 540.00
517.00 540.00 1403.00 540.00
522.00 398.00 1398.00 682.00
519.00 290.50 1401.00 789.50
611.00 293.00 1309.00 787.00
517.00 398.00 1403.00 682.00
517.00 290.50 1403.00 789.50
517.00 540.00 1403.00 540.00
517.00 504.00 1403.00 576.00
517.00 290.50 1403.00 789.50
902.00 290.50 1018.00 789.50
526.00 290.50 1394.00 789.50
614.00 290.50 1306.00 789.50
521.00 290.50 1399.00 789.50
517.00 292.00 1403.00 788.00
518.00 290.50 1402.00 789.50
518.00 482.50 1402.00 597.50
519.00 536.50 1401.00 543.50
517.00 356.00 1403.00 724.00
766.00 290.50 1154.00 789.50
524.00 300.00 1396.00 780.00
517.00 540.00 1403.00 540.00
518.00 297.50 1402.00 782.50
624.00 290.50 1296.00 789.50
534.00 290.50 1386.00 789.50
543.00 290.50 1377.00 789.50
527.00 290.50 1393.00 789.50
518.00 318.00 1402.00 762.00
519.00 374.00 1401.00 706.00
517.00 301.00 1403.00 779.00
522.00 290.50 1398.00 789.50
578.00 365.50 1342.00 714.50
559.00 540.00 1361.00 540.00
632.00 290.50 1288.00 789.50
549.00 290.50 1371.00 789.50
570.00 290.50 1350.00 789.50
526.00 290.50 1394.00 789.50
660.00 290.50 1260.00 789.50
608.00 290.50 1312.00 789.50
702.00 290.50 1218.00 789.50
589.00 290.50 1331.00 789.50
533.00 290.50 1387.00 789.50
563.00 290.50 1357.00 789.50
652.00 290.50 1268.00 789.50
522.00 290.50 1398.00 789.50
562.00 290.50 1358.00 789.50
616.00 290.50 1304.00 789.50
522.00 290.50 1398.00 789.50
518.00 290.50 1402.00 789.50
676.00 290.50 1244.00 789.50
713.00 290.50 1207.00 789.50
588.00 290.50 1332.00 789.50
518.00 290.50 1402.00 789.50
522.00 290.50 1398.00 789.50
520.00 290.50 1400.00 789.50
695.00 290.50 1225.00 789.50
612.00 290.50 1308.00 789.50
608.00 290.50 1312.00 789.50
630.00 290.50 1290.00 789.50
663.00 290.50 1257.00 789.50
518.00 290.50 1402.00 789.50
558.00 290.50 1362.00 789.50
565.00 290.50 1355.00 789.50
620.00 290.50 1300.00 789.50
606.00 290.50 1314.00 789.50
665.00 290.50 1255.00 789.50
732.00 290.50 1188.00 789.50
517.00 290.50 1403.00 789.50
549.00 292.50 1371.00 787.50
601.00 290.50 1319.00 789.50
553.00 290.50 1367.00 789.50
517.00 290.50 1403.00 789.50
524.00 290.50 1396.00 789.50
588.00 290.50 1332.00 789.50
542.00 290.50 1378.00 789.50
659.00 290.50 1261.00 789.50
603.00 290.50 1317.00 789.50
536.00 290.50 1384.00 789.50
553.00 290.50 1367.00 789.50
608.00 290.50 1312.00 789.50
586.00 290.50 1334.00 789.50
532.00 290.50 1388.00 789.50
518.00 290.50 1402.00 789.50
526.00 290.50 1394.00 789.50
524.00 290.50 1396.00 789.50
663.00 290.50 1257.00 789.50
562.00 290.50 1358.00 789.50
517.00 290.50 1403.00 789.50
517.00 290.50 1403.00 789.50
517.00 290.50 1403.00 789.50
517.00 290.50 1403.00 789.50
518.00 290.50 1402.00 789.50
517.00 290.50 1403.00 789.50
517.00 290.50 1403.00 789.50
519.00 290.50 1401.00 789.50
520.00 290.50 1400.00 789.50
518.00 290.50 1402.00 789.50
709.00 290.50 1211.00 789.50
518.00 527.50 1402.00 552.50
517.00 290.50 1403.00 789.50
566.00 290.50 1354.00 789.50
518.00 290.50 1402.00 789.50
722.00 290.50 1198.00 789.50
521.00 290.50 1399.00 789.50
517.00 290.50 1403.00 789.50
517.00 290.50 1403.00 789.50
517.00 290.50 1403.00 789.50
517.00 290.50 1403.00 789.50
517.00 290.50 1403.00 789.50
554.00 290.50 1366.00 789.50
523.00 290.50 1397.00 789.50
631.00 290.50 1289.00 789.50
582.00 290.50 1338.00 789.50
595.00 290.50 1325.00 789.50
698.00 290.50 1222.00 789.50
628.00 290.50 1292.00 789.50
622.00 290.50 1298.00 789.50
564.00 298.00 1356.00 782.00
563.00 297.50 1357.00 782.50
518.00 490.00 1402.00 590.00
562.00 290.50 1358.00 789.50
652.00 290.50 1268.00 789.50
541.00 290.50 1379.00 789.50
575.00 290.50 1345.00 789.50
523.00 290.50 1397.00 789.50
517.00 290.50 1403.00 789.50
518.00 290.50 1402.00 789.50
518.00 290.50 1402.00 789.50
618.00 290.50 1302.00 789.50
690.00 290.50 1230.00 789.50
668.00 290.50 1252.00 789.50
638.00 290.50 1282.00 789.50
563.00 290.50 1357.00 789.50
704.00 290.50 1216.00 789.50
761.00 290.50 1159.00 789.50
832.00 290.50 1088.00 789.50
609.00 290.50 1311.00 789.50
568.00 294.50 1352.00 785.50
544.00 290.50 1376.00 789.50
534.00 290.50 1386.00 789.50
535.00 290.50 1385.00 789.50
519.00 532.50 1401.00 547.50
529.00 500.00 1391.00 580.00
525.00 290.50 1395.00 789.50
530.00 290.50 1390.00 789.50
715.00 290.50 1205.00 789.50
538.00 290.50 1382.00 789.50
534.00 290.50 1386.00 789.50
519.00 290.50 1401.00 789.50
517.00 346.50 1403.00 733.50
518.00 290.50 1402.00 789.50
559.00 290.50 1361.00 789.50
604.00 313.00 1316.00 767.00
526.00 290.50 1394.00 789.50
532.00 290.50 1388.00 789.50
518.00 292.00 1402.00 788.00
518.00 295.00 1402.00 785.00
517.00 314.50 1403.00 765.50
517.00 495.50 1403.00 584.50
518.00 290.50 1402.00 789.50
517.00 437.00 1403.00 643.00
517.00 291.50 1403.00 788.50
639.00 290.50 1281.00 789.50
841.00 290.50 1079.00 789.50
776.00 290.50 1144.00 789.50
757.00 290.50 1163.00 789.50
761.00 290.50 1159.00 789.50
612.00 296.50 1308.00 783.50
569.00 290.50 1351.00 789.50
535.00 376.00 1385.00 704.00
517.00 368.50 1403.00 711.50
518.00 290.50 1402.00 789.50
517.00 290.50 1403.00 789.50
627.00 296.00 1293.00 784.00
524.00 290.50 1396.00 789.50
517.00 290.50 1403.00 789.50
517.00 290.50 1403.00 789.50
517.00 290.50 1403.00 789.50
517.00 290.50 1403.00 789.50
519.00 290.50 1401.00 789.50
518.00 290.50 1402.00 789.50
517.00 290.50 1403.00 789.50
517.00 290.50 1403.00 789.50
517.00 290.50 1403.00 789.50
517.00 290.50 1403.00 789.50
518.00 290.50 1402.00 789.50
517.00 290.50 1403.00 789.50
517.00 290.50 1403.00 789.50
517.00 290.50 1403.00 789.50
517.00 290.50 1403.00 789.50
517.00 292.50 1403.00 787.50
517.00 290.50 1403.00 789.50
518.00 290.50 1402.00 789.50
517.00 290.50 1403.00 789.50
518.00 290.50 1402.00 789.50
517.00 290.50 1403.00 789.50
517.00 290.50 1403.00 789.50
517.00 293.00 1403.00 787.00
517.00 292.00 1403.00 788.00
517.00 303.00 1403.00 777.00
517.00 290.50 1403.00 789.50
517.00 484.50 1403.00 595.50
517.00 329.50 1403.00 750.50
517.00 291.50 1403.00 788.50
517.00 291.00 1403.00 789.00
517.00 497.50 1403.00 582.50
517.00 291.00 1403.00 789.00
517.00 290.50 1403.00 789.50
517.00 290.50 1403.00 789.50
517.00 291.00 1403.00 789.00
517.00 290.50 1403.00 789.50
517.00 290.50 1403.00 789.50
520.00 290.50 1400.00 789.50
517.00 290.50 1403.00 789.50
517.00 295.00 1403.00 785.00
517.00 290.50 1403.00 789.50
517.00 319.00 1403.00 761.00
517.00 291.50 1403.00 788.50
517.00 290.50 1403.00 789.50
517.00 290.50 1403.00 789.50
517.00 290.50 1403.00 789.50
517.00 291.00 1403.00 789.00
517.00 290.50 1403.00 789.50
519.00 290.50 1401.00 789.50
518.00 290.50 1402.00 789.50
519.00 290.50 1401.00 789.50
520.00 290.50 1400.00 789.50
545.00 290.50 1375.00 789.50
526.00 292.00 1394.00 788.00
517.00 291.00 1403.00 789.00
522.00 290.50 1398.00 789.50
523.00 290.50 1397.00 789.50
532.00 290.50 1388.00 789.50
641.00 290.50 1279.00 789.50
521.00 290.50 1399.00 789.50
542.00 290.50 1378.00 789.50
535.00 290.50 1385.00 789.50
523.00 290.50 1397.00 789.50
519.00 290.50 1401.00 789.50
518.00 290.50 1402.00 789.50
518.00 290.50 1402.00 789.50
526.00 290.50 1394.00 789.50
521.00 290.50 1399.00 789.50
518.00 290.50 1402.00 789.50
517.00 290.50 1403.00 789.50
536.00 290.50 1384.00 789.50
536.00 290.50 1384.00 789.50
518.00 290.50 1402.00 789.50
519.00 290.50 1401.00 789.50
517.00 290.50 1403.00 789.50
517.00 290.50 1403.00 789.50
517.00 290.50 1403.00 789.50
562.00 290.50 1358.00 789.50
517.00 290.50 1403.00 789.50
523.00 290.50 1397.00 789.50
520.00 290.50 1400.00 789.50
521.00 290.50 1399.00 789.50
520.00 290.50 1400.00 789.50
518.00 291.00 1402.00 789.00
517.00 290.50 1403.00 789.50
518.00 290.50 1402.00 789.50
517.00 290.50 1403.00 789.50
518.00 290.50 1402.00 789.50
517.00 290.50 1403.00 789.50
560.00 290.50 1360.00 789.50
517.00 290.50 1403.00 789.50
523.00 290.50 1397.00 789.50
528.00 290.50 1392.00 789.50
691.00 290.50 1229.00 789.50
608.00 290.50 1312.00 789.50
635.00 290.50 1285.00 789.50
532.00 290.50 1388.00 789.50
535.00 290.50 1385.00 789.50
517.00 290.50 1403.00 789.50
517.00 290.50 1403.00 789.50
517.00 290.50 1403.00 789.50
517.00 290.50 1403.00 789.50
517.00 290.50 1403.00 789.50
596.00 290.50 1324.00 789.50
616.00 539.50 1304.00 540.50
826.00 537.50 1094.00 542.50
517.00 529.50 1403.00 550.50
617.00 290.50 1303.00 789.50
804.00 540.00 1116.00 540.00
853.00 304.50 1067.00 775.50
800.00 328.00 1120.00 752.00
953.50 305.00 966.50 775.00
949.50 290.50 970.50 789.50
684.00 344.00 1236.00 736.00
954.50 290.50 965.50 789.50
625.00 518.50 1295.00 561.50
579.00 292.50 1341.00 787.50
531.00 534.00 1389.00 546.00
622.00 537.00 1298.00 543.00
564.00 540.00 1356.00 540.00
708.00 522.00 1212.00 558.00
862.00 300.50 1058.00 779.50
770.00 290.50 1150.00 789.50
626.00 300.00 1294.00 780.00
797.00 294.50 1123.00 785.50
517.00 291.00 1403.00 789.00
518.00 290.50 1402.00 789.50
523.00 290.50 1397.00 789.50
517.00 540.00 1403.00 540.00
518.00 504.50 1402.00 575.50
557.00 540.00 1363.00 540.00
630.00 329.50 1290.00 750.50
558.00 539.50 1362.00 540.50
532.00 517.00 1388.00 563.00
533.00 291.00 1387.00 789.00
608.00 290.50 1312.00 789.50
540.00 298.00 1380.00 782.00
549.00 299.00 1371.00 781.00
713.00 540.00 1207.00 540.00
564.00 539.00 1356.00 541.00
792.00 540.00 1128.00 540.00
673.00 290.50 1247.00 789.50
816.00 294.50 1104.00 785.50
643.00 291.50 1277.00 788.50
854.00 290.50 1066.00 789.50
622.00 290.50 1298.00 789.50
611.00 290.50 1309.00 789.50
740.00 293.00 1180.00 787.00
760.00 379.50 1160.00 700.50
841.00 298.00 1079.00 782.00
699.00 457.50 1221.00 622.50
638.00 510.00 1282.00 570.00
630.00 515.00 1290.00 565.00
518.00 500.00 1402.00 580.00
524.00 466.50 1396.00 613.50
680.00 494.00 1240.00 586.00
649.00 357.50 1271.00 722.50
824.00 468.00 1096.00 612.00
582.00 307.50 1338.00 772.50
548.00 290.50 1372.00 789.50
551.00 290.50 1369.00 789.50
622.00 290.50 1298.00 789.50
601.00 291.50 1319.00 788.50
582.00 290.50 1338.00 789.50
820.00 292.50 1100.00 787.50
731.00 291.00 1189.00 789.00
725.00 307.00 1195.00 773.00
698.00 307.50 1222.00 772.50
732.00 290.50 1188.00 789.50
693.00 290.50 1227.00 789.50
553.00 290.50 1367.00 789.50
525.00 290.50 1395.00 789.50
620.00 290.50 1300.00 789.50
579.00 290.50 1341.00 789.50
629.00 290.50 1291.00 789.50
578.00 295.50 1342.00 784.50
775.00 445.00 1145.00 635.00
662.00 290.50 1258.00 789.50
534.00 290.50 1386.00 789.50
549.00 290.50 1371.00 789.50
535.00 290.50 1385.00 789.50
518.00 327.00 1402.00 753.00
522.00 292.00 1398.00 788.00
576.00 291.00 1344.00 789.00
517.00 290.50 1403.00 789.50
654.00 298.00 1266.00 782.00
534.00 292.00 1386.00 788.00
518.00 290.50 1402.00 789.50
518.00 290.50 1402.00 789.50
518.00 297.50 1402.00 782.50
518.00 295.00 1402.00 785.00
569.00 290.50 1351.00 789.50
529.00 290.50 1391.00 789.50
531.00 290.50 1389.00 789.50
652.00 290.50 1268.00 789.50
524.00 291.50 1396.00 788.50
520.00 383.50 1400.00 696.50
530.00 528.50 1390.00 551.50
518.00 290.50 1402.00 789.50
532.00 290.50 1388.00 789.50
539.00 290.50 1381.00 789.50
517.00 540.00 1403.00 540.00
517.00 295.00 1403.00 785.00
517.00 338.00 1403.00 742.00
518.00 292.00 1402.00 788.00
523.00 290.50 1397.00 789.50
517.00 290.50 1403.00 789.50
519.00 290.50 1401.00 789.50
517.00 290.50 1403.00 789.50
517.00 290.50 1403.00 789.50
518.00 290.50 1402.00 789.50
518.00 290.50 1402.00 789.50
549.00 290.50 1371.00 789.50
681.00 290.50 1239.00 789.50
589.00 290.50 1331.00 789.50
799.00 290.50 1121.00 789.50
663.00 290.50 1257.00 789.50
555.00 290.50 1365.00 789.50
518.00 290.50 1402.00 789.50
518.00 290.50 1402.00 789.50
531.00 290.50 1389.00 789.50
608.00 290.50 1312.00 789.50
544.00 290.50 1376.00 789.50
577.00 290.50 1343.00 789.50
529.00 290.50 1391.00 789.50
522.00 290.50 1398.00 789.50
542.00 290.50 1378.00 789.50
622.00 290.50 1298.00 789.50
518.00 290.50 1402.00 789.50
520.00 290.50 1400.00 789.50
522.00 290.50 1398.00 789.50
518.00 290.50 1402.00 789.50
519.00 290.50 1401.00 789.50
518.00 290.50 1402.00 789.50
522.00 290.50 1398.00 789.50
524.00 290.50 1396.00 789.50
570.00 290.50 1350.00 789.50
668.00 290.50 1252.00 789.50
690.00 290.50 1230.00 789.50
532.00 290.50 1388.00 789.50
518.00 290.50 1402.00 789.50
519.00 290.50 1401.00 789.50
520.00 290.50 1400.00 789.50
546.00 290.50 1374.00 789.50
633.00 290.50 1287.00 789.50
559.00 290.50 1361.00 789.50
575.00 290.50 1345.00 789.50
560.00 290.50 1360.00 789.50
620.00 290.50 1300.00 789.50
564.00 290.50 1356.00 789.50
572.00 290.50 1348.00 789.50
591.00 290.50 1329.00 789.50
527.00 290.50 1393.00 789.50
520.00 290.50 1400.00 789.50
583.00 290.50 1337.00 789.50
652.00 290.50 1268.00 789.50
555.00 290.50 1365.00 789.50
529.00 292.50 1391.00 787.50
646.00 298.50 1274.00 781.50
590.00 349.50 1330.00 730.50
545.00 372.50 1375.00 707.50
737.00 290.50 1183.00 789.50
559.00 290.50 1361.00 789.50
684.00 290.50 1236.00 789.50
640.00 290.50 1280.00 789.50
634.00 290.50 1286.00 789.50
616.00 290.50 1304.00 789.50
638.00 290.50 1282.00 789.50
532.00 290.50 1388.00 789.50
615.00 290.50 1305.00 789.50
679.00 290.50 1241.00 789.50
602.00 291.00 1318.00 789.00
532.00 290.50 1388.00 789.50
682.00 290.50 1238.00 789.50
728.00 290.50 1192.00 789.50
716.00 290.50 1204.00 789.50
551.00 290.50 1369.00 789.50
584.00 290.50 1336.00 789.50
562.00 290.50 1358.00 789.50
552.00 290.50 1368.00 789.50
522.00 290.50 1398.00 789.50
549.00 290.50 1371.00 789.50
689.00 290.50 1231.00 789.50
675.00 290.50 1245.00 789.50
570.00 290.50 1350.00 789.50
582.00 290.50 1338.00 789.50
520.00 290.50 1400.00 789.50
591.00 290.50 1329.00 789.50
579.00 290.50 1341.00 789.50
911.00 291.50 1009.00 788.50
909.50 422.00 1010.50 658.00
791.00 295.00 1129.00 785.00
959.00 290.50 961.00 789.50
944.00 290.50 976.00 789.50
913.00 290.50 1007.00 789.50
920.50 290.50 999.50 789.50
797.00 290.50 1123.00 789.50
762.00 290.50 1158.00 789.50
701.00 290.50 1219.00 789.50
857.00 290.50 1063.00 789.50
743.00 290.50 1177.00 789.50
807.00 290.50 1113.00 789.50
919.00 290.50 1001.00 789.50
956.00 290.50 964.00 789.50
898.00 290.50 1022.00 789.50
909.50 290.50 1010.50 789.50
959.00 290.50 961.00 789.50
959.00 290.50 961.00 789.50
954.50 290.50 965.50 789.50
731.00 290.50 1189.00 789.50
794.00 293.50 1126.00 786.50
694.00 447.50 1226.00 632.50
950.50 290.50 969.50 789.50
803.00 290.50 1117.00 789.50
950.50 290.50 969.50 789.50
914.00 290.50 1006.00 789.50
