1057.00 566.00 324.00 216.00
902.00 540.00 1018.00 540.00
959.00 540.00 961.00 540.00
959.00 540.00 961.00 540.00
951.50 540.00 968.50 540.00
960.00 540.00 960.00 540.00
817.00 535.50 1103.00 544.50
954.50 540.00 965.50 540.00
918.00 540.00 1002.00 540.00
950.50 540.00 969.50 540.00
607.00 536.00 1313.00 544.00
564.00 540.00 1356.00 540.00
606.00 540.00 1314.00 540.00
956.00 540.00 964.00 540.00
947.00 540.00 973.00 540.00
918.00 540.00 1002.00 540.00
926.00 540.00 994.00 540.00
924.50 540.00 995.50 540.00
858.00 540.00 1062.00 540.00
949.00 540.00 971.00 540.00
955.50 540.00 964.50 540.00
948.00 540.00 972.00 540.00
958.00 540.00 962.00 540.00
959.00 540.00 961.00 540.00
960.00 540.00 960.00 540.00
960.00 540.00 960.00 540.00
960.00 540.00 960.00 540.00
960.00 540.00 960.00 540.00
956.00 540.00 964.00 540.00
960.00 540.00 960.00 540.00
960.00 290.50 960.00 789.50
960.00 290.50 960.00 789.50
957.00 290.50 963.00 789.50
960.00 290.50 960.00 789.50
948.00 290.50 972.00 789.50
896.00 290.50 1024.00 789.50
528.00 290.50 1392.00 789.50
517.00 293.50 1403.00 786.50
518.00 290.50 1402.00 789.50
517.00 519.00 1403.00 561.00
532.00 302.00 1388.00 778.00
945.00 290.50 975.00 789.50
960.00 290.50 960.00 789.50
956.00 290.50 964.00 789.50
960.00 290.50 960.00 789.50
960.00 290.50 960.00 789.50
960.00 290.50 960.00 789.50
960.00 538.00 960.00 542.00
960.00 436.00 960.00 644.00
959.00 540.00 961.00 540.00
960.00 540.00 960.00 540.00
960.00 540.00 960.00 540.00
960.00 540.00 960.00 540.00
959.00 540.00 961.00 540.00
960.00 540.00 960.00 540.00
958.00 540.00 962.00 540.00
954.50 540.00 965.50 540.00
959.00 540.00 961.00 540.00
960.00 540.00 960.00 540.00
959.00 540.00 961.00 540.00
959.00 540.00 961.00 540.00
959.00 540.00 961.00 540.00
955.50 540.00 964.50 540.00
959.00 540.00 961.00 540.00
957.00 540.00 963.00 540.00
960.00 540.00 960.00 540.00
960.00 290.50 960.00 789.50
960.00 290.50 960.00 789.50
960.00 290.50 960.00 789.50
960.00 290.50 960.00 789.50
959.00 290.50 961.00 789.50
960.00 290.50 960.00 789.50
960.00 290.50 960.00 789.50
960.00 290.50 960.00 789.50
960.00 290.50 960.00 789.50
960.00 290.50 960.00 789.50
960.00 290.50 960.00 789.50
960.00 290.50 960.00 789.50
960.00 290.50 960.00 789.50
960.00 540.00 960.00 540.00
960.00 540.00 960.00 540.00
960.00 540.00 960.00 540.00
960.00 540.00 960.00 540.00
960.00 540.00 960.00 540.00
960.00 540.00 960.00 540.00
738.00 540.00 1182.00 540.00
956.00 540.00 964.00 540.00
960.00 540.00 960.00 540.00
960.00 540.00 960.00 540.00
960.00 540.00 960.00 540.00
960.00 540.00 960.00 540.00
960.00 540.00 960.00 540.00
960.00 540.00 960.00 540.00
960.00 540.00 960.00 540.00
957.00 540.00 963.00 540.00
960.00 540.00 960.00 540.00
960.00 540.00 960.00 540.00
870.00 540.00 1050.00 540.00
597.00 539.50 1323.00 540.50
951.50 540.00 968.50 540.00
960.00 540.00 960.00 540.00
960.00 540.00 960.00 540.00
958.00 540.00 962.00 540.00
950.50 540.00 969.50 540.00
895.00 540.00 1025.00 540.00
959.00 540.00 961.00 540.00
959.00 540.00 961.00 540.00
956.00 540.00 964.00 540.00
960.00 540.00 960.00 540.00
960.00 540.00 960.00 540.00
960.00 540.00 960.00 540.00
960.00 540.00 960.00 540.00
960.00 540.00 960.00 540.00
960.00 290.50 960.00 789.50
960.00 290.50 960.00 789.50
960.00 290.50 960.00 789.50
960.00 290.50 960.00 789.50
959.00 290.50 961.00 789.50
907.50 290.50 1012.50 789.50
960.00 290.50 960.00 789.50
960.00 290.50 960.00 789.50
960.00 290.50 960.00 789.50
960.00 290.50 960.00 789.50
959.00 540.00 961.00 540.00
960.00 540.00 960.00 540.00
957.00 540.00 963.00 540.00
959.00 540.00 961.00 540.00
960.00 540.00 960.00 540.00
960.00 540.00 960.00 540.00
959.00 540.00 961.00 540.00
955.50 540.00 964.50 540.00
949.00 540.00 971.00 540.00
959.00 540.00 961.00 540.00
956.00 540.00 964.00 540.00
960.00 540.00 960.00 540.00
958.00 540.00 962.00 540.00
959.00 540.00 961.00 540.00
943.00 540.00 977.00 540.00
943.00 540.00 977.00 540.00
950.50 540.00 969.50 540.00
960.00 540.00 960.00 540.00
959.00 540.00 961.00 540.00
956.00 540.00 964.00 540.00
957.00 540.00 963.00 540.00
952.50 540.00 967.50 540.00
959.00 538.00 961.00 542.00
920.50 366.00 999.50 714.00
958.00 540.00 962.00 540.00
950.50 539.50 969.50 540.50
960.00 290.50 960.00 789.50
960.00 538.50 960.00 541.50
960.00 290.50 960.00 789.50
957.00 540.00 963.00 540.00
949.00 534.50 971.00 545.50
751.00 540.00 1169.00 540.00
960.00 540.00 960.00 540.00
952.50 540.00 967.50 540.00
615.00 327.50 1305.00 752.50
960.00 537.00 960.00 543.00
956.00 540.00 964.00 540.00
960.00 540.00 960.00 540.00
952.50 532.50 967.50 547.50
680.00 468.00 1240.00 612.00
958.00 539.50 962.00 540.50
958.00 540.00 962.00 540.00
790.00 540.00 1130.00 540.00
882.00 539.50 1038.00 540.50
955.50 540.00 964.50 540.00
953.50 540.00 966.50 540.00
960.00 290.50 960.00 789.50
960.00 290.50 960.00 789.50
815.00 290.50 1105.00 789.50
907.50 290.50 1012.50 789.50
891.00 290.50 1029.00 789.50
765.00 290.50 1155.00 789.50
742.00 290.50 1178.00 789.50
549.00 290.50 1371.00 789.50
530.00 290.50 1390.00 789.50
668.00 290.50 1252.00 789.50
888.00 290.50 1032.00 789.50
958.00 290.50 962.00 789.50
960.00 290.50 960.00 789.50
960.00 290.50 960.00 789.50
960.00 440.00 960.00 640.00
957.00 540.00 963.00 540.00
931.00 540.00 989.00 540.00
957.00 540.00 963.00 540.00
960.00 540.00 960.00 540.00
959.00 540.00 961.00 540.00
893.00 540.00 1027.00 540.00
925.50 540.00 994.50 540.00
936.50 540.00 983.50 540.00
958.00 540.00 962.00 540.00
959.00 540.00 961.00 540.00
958.00 540.00 962.00 540.00
948.00 540.00 972.00 540.00
960.00 290.50 960.00 789.50
960.00 290.50 960.00 789.50
960.00 290.50 960.00 789.50
956.00 290.50 964.00 789.50
885.00 290.50 1035.00 789.50
592.00 291.00 1328.00 789.00
960.00 304.50 960.00 775.50
960.00 290.50 960.00 789.50
954.50 293.00 965.50 787.00
960.00 291.00 960.00 789.00
960.00 290.50 960.00 789.50
960.00 290.50 960.00 789.50
960.00 347.50 960.00 732.50
960.00 540.00 960.00 540.00
959.00 540.00 961.00 540.00
960.00 540.00 960.00 540.00
960.00 540.00 960.00 540.00
960.00 540.00 960.00 540.00
960.00 540.00 960.00 540.00
958.00 540.00 962.00 540.00
952.50 540.00 967.50 540.00
956.00 540.00 964.00 540.00
959.00 540.00 961.00 540.00
960.00 540.00 960.00 540.00
960.00 540.00 960.00 540.00
959.00 540.00 961.00 540.00
960.00 540.00 960.00 540.00
960.00 540.00 960.00 540.00
956.00 540.00 964.00 540.00
960.00 540.00 960.00 540.00
958.00 540.00 962.00 540.00
959.00 540.00 961.00 540.00
960.00 540.00 960.00 540.00
960.00 540.00 960.00 540.00
958.00 540.00 962.00 540.00
960.00 540.00 960.00 540.00
960.00 540.00 960.00 540.00
956.00 540.00 964.00 540.00
955.50 540.00 964.50 540.00
959.00 540.00 961.00 540.00
960.00 540.00 960.00 540.00
949.50 540.00 970.50 540.00
949.00 540.00 971.00 540.00
955.50 540.00 964.50 540.00
957.00 540.00 963.00 540.00
958.00 530.00 962.00 550.00
960.00 540.00 960.00 540.00
960.00 431.00 960.00 649.00
954.50 540.00 965.50 540.00
960.00 540.00 960.00 540.00
960.00 540.00 960.00 540.00
960.00 540.00 960.00 540.00
960.00 540.00 960.00 540.00
960.00 540.00 960.00 540.00
960.00 540.00 960.00 540.00
944.00 540.00 976.00 540.00
960.00 540.00 960.00 540.00
800.00 540.00 1120.00 540.00
883.00 540.00 1037.00 540.00
958.00 540.00 962.00 540.00
656.00 540.00 1264.00 540.00
572.00 540.00 1348.00 540.00
900.00 540.00 1020.00 540.00
949.00 540.00 971.00 540.00
954.50 290.50 965.50 789.50
960.00 290.50 960.00 789.50
960.00 290.50 960.00 789.50
960.00 290.50 960.00 789.50
960.00 290.50 960.00 789.50
950.50 290.50 969.50 789.50
959.00 295.00 961.00 785.00
954.50 538.00 965.50 542.00
819.00 381.50 1101.00 698.50
673.00 290.50 1247.00 789.50
923.50 290.50 996.50 789.50
944.00 290.50 976.00 789.50
932.00 432.50 988.00 647.50
958.00 295.50 962.00 784.50
949.50 290.50 970.50 789.50
935.50 484.50 984.50 595.50
584.00 540.00 1336.00 540.00
950.50 540.00 969.50 540.00
952.50 540.00 967.50 540.00
958.00 540.00 962.00 540.00
936.50 540.00 983.50 540.00
902.00 540.00 1018.00 540.00
922.50 540.00 997.50 540.00
940.50 540.00 979.50 540.00
950.50 540.00 969.50 540.00
956.00 540.00 964.00 540.00
959.00 540.00 961.00 540.00
951.50 540.00 968.50 540.00
949.50 478.00 970.50 602.00
957.00 540.00 963.00 540.00
848.00 536.50 1072.00 543.50
682.00 314.50 1238.00 765.50
719.00 362.50 1201.00 717.50
717.00 482.00 1203.00 598.00
951.50 290.50 968.50 789.50
958.00 290.50 962.00 789.50
958.00 540.00 962.00 540.00
959.00 540.00 961.00 540.00
950.50 540.00 969.50 540.00
823.00 535.50 1097.00 544.50
894.00 540.00 1026.00 540.00
802.00 540.00 1118.00 540.00
936.50 540.00 983.50 540.00
956.00 540.00 964.00 540.00
914.00 540.00 1006.00 540.00
957.00 540.00 963.00 540.00
527.00 540.00 1393.00 540.00
940.50 540.00 979.50 540.00
887.00 540.00 1033.00 540.00
953.50 540.00 966.50 540.00
934.00 540.00 986.00 540.00
798.00 540.00 1122.00 540.00
898.00 540.00 1022.00 540.00
640.00 540.00 1280.00 540.00
795.00 325.50 1125.00 754.50
681.00 501.50 1239.00 578.50
957.00 291.50 963.00 788.50
957.00 290.50 963.00 789.50
895.00 290.50 1025.00 789.50
956.00 290.50 964.00 789.50
959.00 290.50 961.00 789.50
960.00 290.50 960.00 789.50
960.00 290.50 960.00 789.50
960.00 290.50 960.00 789.50
960.00 290.50 960.00 789.50
960.00 290.50 960.00 789.50
960.00 305.50 960.00 774.50
960.00 291.00 960.00 789.00
959.00 540.00 961.00 540.00
959.00 540.00 961.00 540.00
957.00 540.00 963.00 540.00
906.50 540.00 1013.50 540.00
719.00 540.00 1201.00 540.00
719.00 535.50 1201.00 544.50
950.50 540.00 969.50 540.00
797.00 489.00 1123.00 591.00
886.00 540.00 1034.00 540.00
949.50 540.00 970.50 540.00
959.00 540.00 961.00 540.00
946.00 540.00 974.00 540.00
960.00 540.00 960.00 540.00
946.00 540.00 974.00 540.00
958.00 540.00 962.00 540.00
920.50 540.00 999.50 540.00
875.00 540.00 1045.00 540.00
761.00 435.50 1159.00 644.50
725.00 290.50 1195.00 789.50
624.00 290.50 1296.00 789.50
809.00 290.50 1111.00 789.50
928.00 290.50 992.00 789.50
952.50 290.50 967.50 789.50
953.50 290.50 966.50 789.50
960.00 290.50 960.00 789.50
953.50 290.50 966.50 789.50
667.00 540.00 1253.00 540.00
887.00 540.00 1033.00 540.00
677.00 540.00 1243.00 540.00
682.00 540.00 1238.00 540.00
600.00 537.50 1320.00 542.50
603.00 413.00 1317.00 667.00
626.00 492.00 1294.00 588.00
598.00 384.50 1322.00 695.50
620.00 436.00 1300.00 644.00
608.00 491.50 1312.00 588.50
676.00 540.00 1244.00 540.00
662.00 540.00 1258.00 540.00
853.00 540.00 1067.00 540.00
723.00 540.00 1197.00 540.00
867.00 540.00 1053.00 540.00
932.00 290.50 988.00 789.50
852.00 290.50 1068.00 789.50
812.00 290.50 1108.00 789.50
871.00 290.50 1049.00 789.50
807.00 290.50 1113.00 789.50
958.00 290.50 962.00 789.50
880.00 290.50 1040.00 789.50
948.00 540.00 972.00 540.00
896.00 540.00 1024.00 540.00
862.00 540.00 1058.00 540.00
906.50 540.00 1013.50 540.00
594.00 526.00 1326.00 554.00
626.00 504.00 1294.00 576.00
681.00 290.50 1239.00 789.50
526.00 292.00 1394.00 788.00
729.00 327.00 1191.00 753.00
638.00 393.00 1282.00 687.00
793.00 540.00 1127.00 540.00
674.00 540.00 1246.00 540.00
690.00 540.00 1230.00 540.00
647.00 540.00 1273.00 540.00
695.00 540.00 1225.00 540.00
949.00 540.00 971.00 540.00
949.50 540.00 970.50 540.00
955.50 527.50 964.50 552.50
960.00 290.50 960.00 789.50
959.00 290.50 961.00 789.50
960.00 290.50 960.00 789.50
958.00 290.50 962.00 789.50
960.00 290.50 960.00 789.50
960.00 290.50 960.00 789.50
959.00 290.50 961.00 789.50
960.00 290.50 960.00 789.50
960.00 540.00 960.00 540.00
957.00 540.00 963.00 540.00
956.00 540.00 964.00 540.00
936.50 540.00 983.50 540.00
948.00 540.00 972.00 540.00
733.00 527.00 1187.00 553.00
659.00 326.00 1261.00 754.00
633.00 523.00 1287.00 557.00
536.00 540.00 1384.00 540.00
560.00 540.00 1360.00 540.00
794.00 540.00 1126.00 540.00
924.50 540.00 995.50 540.00
959.00 540.00 961.00 540.00
853.00 540.00 1067.00 540.00
714.00 540.00 1206.00 540.00
542.00 540.00 1378.00 540.00
728.00 290.50 1192.00 789.50
759.00 298.00 1161.00 782.00
610.00 381.50 1310.00 698.50
832.00 290.50 1088.00 789.50
855.00 290.50 1065.00 789.50
774.00 290.50 1146.00 789.50
754.00 291.00 1166.00 789.00
960.00 290.50 960.00 789.50
960.00 290.50 960.00 789.50
960.00 397.50 960.00 682.50
960.00 540.00 960.00 540.00
959.00 534.50 961.00 545.50
960.00 540.00 960.00 540.00
959.00 540.00 961.00 540.00
887.00 540.00 1033.00 540.00
794.00 536.00 1126.00 544.00
668.00 538.50 1252.00 541.50
608.00 474.50 1312.00 605.50
711.00 540.00 1209.00 540.00
956.00 540.00 964.00 540.00
950.50 540.00 969.50 540.00
933.00 540.00 987.00 540.00
620.00 540.00 1300.00 540.00
531.00 540.00 1389.00 540.00
561.00 540.00 1359.00 540.00
660.00 290.50 1260.00 789.50
615.00 291.00 1305.00 789.00
652.00 290.50 1268.00 789.50
634.00 290.50 1286.00 789.50
607.00 290.50 1313.00 789.50
762.00 290.50 1158.00 789.50
684.00 290.50 1236.00 789.50
737.00 291.00 1183.00 789.00
665.00 540.00 1255.00 540.00
543.00 540.00 1377.00 540.00
705.00 540.00 1215.00 540.00
519.00 540.00 1401.00 540.00
665.00 540.00 1255.00 540.00
541.00 540.00 1379.00 540.00
580.00 488.00 1340.00 592.00
606.00 482.00 1314.00 598.00
669.00 333.00 1251.00 747.00
702.00 291.00 1218.00 789.00
899.00 539.50 1021.00 540.50
672.00 539.50 1248.00 540.50
869.00 540.00 1051.00 540.00
954.50 540.00 965.50 540.00
960.00 540.00 960.00 540.00
958.00 540.00 962.00 540.00
957.00 540.00 963.00 540.00
958.00 536.50 962.00 543.50
960.00 290.50 960.00 789.50
956.00 540.00 964.00 540.00
940.50 540.00 979.50 540.00
892.00 540.00 1028.00 540.00
948.00 540.00 972.00 540.00
957.00 540.00 963.00 540.00
954.50 540.00 965.50 540.00
948.00 540.00 972.00 540.00
765.00 540.00 1155.00 540.00
761.00 539.50 1159.00 540.50
699.00 535.50 1221.00 544.50
877.00 536.00 1043.00 544.00
861.00 540.00 1059.00 540.00
942.00 540.00 978.00 540.00
955.50 540.00 964.50 540.00
916.00 540.00 1004.00 540.00
948.00 540.00 972.00 540.00
833.00 540.00 1087.00 540.00
780.00 540.00 1140.00 540.00
832.00 540.00 1088.00 540.00
899.00 540.00 1021.00 540.00
892.00 540.00 1028.00 540.00
737.00 538.50 1183.00 541.50
674.00 540.00 1246.00 540.00
640.00 352.50 1280.00 727.50
664.00 538.00 1256.00 542.00
674.00 539.50 1246.00 540.50
848.00 540.00 1072.00 540.00
951.50 540.00 968.50 540.00
959.00 540.00 961.00 540.00
958.00 540.00 962.00 540.00
