965.00 513.00 161.00 109.00
517.00 540.00 1403.00 540.00
531.00 540.00 1389.00 540.00
517.00 540.00 1403.00 540.00
517.00 540.00 1403.00 540.00
518.00 540.00 1402.00 540.00
518.00 540.00 1402.00 540.00
517.00 540.00 1403.00 540.00
517.00 540.00 1403.00 540.00
517.00 540.00 1403.00 540.00
517.00 540.00 1403.00 540.00
517.00 540.00 1403.00 540.00
517.00 539.50 1403.00 540.50
517.00 540.00 1403.00 540.00
517.00 540.00 1403.00 540.00
517.00 540.00 1403.00 540.00
517.00 540.00 1403.00 540.00
517.00 540.00 1403.00 540.00
517.00 540.00 1403.00 540.00
517.00 540.00 1403.00 540.00
518.00 540.00 1402.00 540.00
517.00 540.00 1403.00 540.00
517.00 540.00 1403.00 540.00
517.00 540.00 1403.00 540.00
517.00 540.00 1403.00 540.00
517.00 540.00 1403.00 540.00
517.00 540.00 1403.00 540.00
517.00 540.00 1403.00 540.00
517.00 540.00 1403.00 540.00
517.00 540.00 1403.00 540.00
517.00 540.00 1403.00 540.00
881.00 540.00 1039.00 540.00
518.00 540.00 1402.00 540.00
540.00 540.00 1380.00 540.00
546.00 540.00 1374.00 540.00
518.00 540.00 1402.00 540.00
517.00 540.00 1403.00 540.00
518.00 540.00 1402.00 540.00
532.00 523.00 1388.00 557.00
517.00 291.00 1403.00 789.00
518.00 290.50 1402.00 789.50
545.00 540.00 1375.00 540.00
960.00 540.00 960.00 540.00
937.50 540.00 982.50 540.00
670.00 540.00 1250.00 540.00
593.00 540.00 1327.00 540.00
612.00 540.00 1308.00 540.00
554.00 540.00 1366.00 540.00
596.00 540.00 1324.00 540.00
546.00 540.00 1374.00 540.00
518.00 540.00 1402.00 540.00
518.00 331.50 1402.00 748.50
678.00 290.50 1242.00 789.50
548.00 290.50 1372.00 789.50
519.00 291.00 1401.00 789.00
543.00 290.50 1377.00 789.50
517.00 291.00 1403.00 789.00
535.00 290.50 1385.00 789.50
563.00 290.50 1357.00 789.50
611.00 291.00 1309.00 789.00
572.00 539.50 1348.00 540.50
667.00 290.50 1253.00 789.50
520.00 292.00 1400.00 788.00
525.00 326.50 1395.00 753.50
523.00 291.00 1397.00 789.00
690.00 298.50 1230.00 781.50
605.00 290.50 1315.00 789.50
793.00 540.00 1127.00 540.00
525.00 540.00 1395.00 540.00
520.00 536.00 1400.00 544.00
518.00 539.50 1402.00 540.50
517.00 540.00 1403.00 540.00
548.00 540.00 1372.00 540.00
647.00 540.00 1273.00 540.00
657.00 540.00 1263.00 540.00
541.00 540.00 1379.00 540.00
820.00 540.00 1100.00 540.00
879.00 540.00 1041.00 540.00
532.00 540.00 1388.00 540.00
578.00 540.00 1342.00 540.00
663.00 540.00 1257.00 540.00
550.00 540.00 1370.00 540.00
797.00 540.00 1123.00 540.00
557.00 540.00 1363.00 540.00
592.00 540.00 1328.00 540.00
615.00 540.00 1305.00 540.00
518.00 540.00 1402.00 540.00
652.00 540.00 1268.00 540.00
523.00 290.50 1397.00 789.50
517.00 396.00 1403.00 684.00
518.00 540.00 1402.00 540.00
573.00 292.00 1347.00 788.00
521.00 315.50 1399.00 764.50
517.00 457.00 1403.00 623.00
517.00 290.50 1403.00 789.50
518.00 290.50 1402.00 789.50
517.00 290.50 1403.00 789.50
517.00 290.50 1403.00 789.50
517.00 290.50 1403.00 789.50
552.00 290.50 1368.00 789.50
517.00 301.50 1403.00 778.50
517.00 540.00 1403.00 540.00
517.00 355.00 1403.00 725.00
789.00 540.00 1131.00 540.00
572.00 540.00 1348.00 540.00
644.00 539.50 1276.00 540.50
926.00 540.00 994.00 540.00
532.00 540.00 1388.00 540.00
693.00 540.00 1227.00 540.00
559.00 540.00 1361.00 540.00
546.00 540.00 1374.00 540.00
634.00 540.00 1286.00 540.00
717.00 540.00 1203.00 540.00
551.00 540.00 1369.00 540.00
608.00 540.00 1312.00 540.00
605.00 540.00 1315.00 540.00
521.00 540.00 1399.00 540.00
525.00 540.00 1395.00 540.00
713.00 540.00 1207.00 540.00
680.00 538.50 1240.00 541.50
525.00 290.50 1395.00 789.50
517.00 525.00 1403.00 555.00
517.00 290.50 1403.00 789.50
544.00 487.50 1376.00 592.50
558.00 291.00 1362.00 789.00
608.00 291.00 1312.00 789.00
587.00 290.50 1333.00 789.50
615.00 290.50 1305.00 789.50
578.00 290.50 1342.00 789.50
612.00 290.50 1308.00 789.50
555.00 290.50 1365.00 789.50
668.00 290.50 1252.00 789.50
518.00 290.50 1402.00 789.50
523.00 290.50 1397.00 789.50
642.00 291.50 1278.00 788.50
574.00 290.50 1346.00 789.50
748.00 292.50 1172.00 787.50
517.00 540.00 1403.00 540.00
520.00 540.00 1400.00 540.00
525.00 540.00 1395.00 540.00
518.00 540.00 1402.00 540.00
517.00 540.00 1403.00 540.00
590.00 540.00 1330.00 540.00
923.50 540.00 996.50 540.00
585.00 540.00 1335.00 540.00
520.00 540.00 1400.00 540.00
600.00 540.00 1320.00 540.00
528.00 540.00 1392.00 540.00
517.00 540.00 1403.00 540.00
542.00 540.00 1378.00 540.00
519.00 510.50 1401.00 569.50
524.00 290.50 1396.00 789.50
518.00 290.50 1402.00 789.50
517.00 290.50 1403.00 789.50
517.00 290.50 1403.00 789.50
517.00 292.00 1403.00 788.00
517.00 291.00 1403.00 789.00
517.00 292.00 1403.00 788.00
543.00 365.50 1377.00 714.50
517.00 294.50 1403.00 785.50
517.00 540.00 1403.00 540.00
517.00 540.00 1403.00 540.00
521.00 418.00 1399.00 662.00
517.00 540.00 1403.00 540.00
517.00 540.00 1403.00 540.00
517.00 540.00 1403.00 540.00
517.00 540.00 1403.00 540.00
517.00 540.00 1403.00 540.00
523.00 304.00 1397.00 776.00
517.00 540.00 1403.00 540.00
517.00 540.00 1403.00 540.00
517.00 540.00 1403.00 540.00
753.00 540.00 1167.00 540.00
769.00 540.00 1151.00 540.00
533.00 540.00 1387.00 540.00
536.00 540.00 1384.00 540.00
675.00 540.00 1245.00 540.00
517.00 540.00 1403.00 540.00
613.00 540.00 1307.00 540.00
595.00 529.50 1325.00 550.50
520.00 290.50 1400.00 789.50
518.00 290.50 1402.00 789.50
517.00 318.50 1403.00 761.50
517.00 290.50 1403.00 789.50
517.00 540.00 1403.00 540.00
517.00 540.00 1403.00 540.00
517.00 297.00 1403.00 783.00
517.00 290.50 1403.00 789.50
519.00 290.50 1401.00 789.50
520.00 290.50 1400.00 789.50
517.00 292.00 1403.00 788.00
534.00 293.00 1386.00 787.00
519.00 540.00 1401.00 540.00
517.00 540.00 1403.00 540.00
517.00 540.00 1403.00 540.00
517.00 540.00 1403.00 540.00
518.00 302.50 1402.00 777.50
517.00 540.00 1403.00 540.00
517.00 540.00 1403.00 540.00
518.00 540.00 1402.00 540.00
517.00 540.00 1403.00 540.00
517.00 540.00 1403.00 540.00
517.00 540.00 1403.00 540.00
517.00 540.00 1403.00 540.00
517.00 540.00 1403.00 540.00
517.00 540.00 1403.00 540.00
517.00 540.00 1403.00 540.00
517.00 540.00 1403.00 540.00
517.00 540.00 1403.00 540.00
517.00 540.00 1403.00 540.00
517.00 540.00 1403.00 540.00
517.00 540.00 1403.00 540.00
517.00 538.50 1403.00 541.50
517.00 504.50 1403.00 575.50
517.00 290.50 1403.00 789.50
581.00 540.00 1339.00 540.00
621.00 520.00 1299.00 560.00
705.00 346.00 1215.00 734.00
825.00 536.50 1095.00 543.50
875.00 540.00 1045.00 540.00
960.00 540.00 960.00 540.00
656.00 381.50 1264.00 698.50
959.00 406.00 961.00 674.00
923.50 292.00 996.50 788.00
888.00 466.50 1032.00 613.50
928.00 290.50 992.00 789.50
819.00 396.00 1101.00 684.00
957.00 539.50 963.00 540.50
863.00 294.50 1057.00 785.50
960.00 540.00 960.00 540.00
956.00 291.00 964.00 789.00
936.50 290.50 983.50 789.50
959.00 540.00 961.00 540.00
955.50 540.00 964.50 540.00
838.00 415.50 1082.00 664.50
578.00 290.50 1342.00 789.50
518.00 290.50 1402.00 789.50
517.00 290.50 1403.00 789.50
517.00 302.00 1403.00 778.00
522.00 295.50 1398.00 784.50
556.00 531.50 1364.00 548.50
957.00 290.50 963.00 789.50
949.00 540.00 971.00 540.00
525.00 290.50 1395.00 789.50
956.00 290.50 964.00 789.50
596.00 291.50 1324.00 788.50
795.00 290.50 1125.00 789.50
855.00 291.50 1065.00 788.50
884.00 290.50 1036.00 789.50
956.00 290.50 964.00 789.50
955.50 290.50 964.50 789.50
744.00 302.00 1176.00 778.00
923.50 290.50 996.50 789.50
960.00 290.50 960.00 789.50
888.00 290.50 1032.00 789.50
570.00 374.50 1350.00 705.50
521.00 539.50 1399.00 540.50
517.00 540.00 1403.00 540.00
523.00 540.00 1397.00 540.00
542.00 539.00 1378.00 541.00
521.00 540.00 1399.00 540.00
517.00 540.00 1403.00 540.00
921.50 540.00 998.50 540.00
950.50 540.00 969.50 540.00
575.00 540.00 1345.00 540.00
519.00 540.00 1401.00 540.00
518.00 540.00 1402.00 540.00
816.00 540.00 1104.00 540.00
947.00 540.00 973.00 540.00
953.50 537.50 966.50 542.50
520.00 529.50 1400.00 550.50
928.00 290.50 992.00 789.50
810.00 290.50 1110.00 789.50
959.00 309.50 961.00 770.50
923.50 535.50 996.50 544.50
795.00 301.00 1125.00 779.00
591.00 290.50 1329.00 789.50
752.00 290.50 1168.00 789.50
522.00 290.50 1398.00 789.50
527.00 306.00 1393.00 774.00
528.00 291.00 1392.00 789.00
610.00 367.50 1310.00 712.50
525.00 290.50 1395.00 789.50
789.00 290.50 1131.00 789.50
558.00 300.00 1362.00 780.00
698.00 480.50 1222.00 599.50
603.00 296.00 1317.00 784.00
708.00 539.50 1212.00 540.50
726.00 540.00 1194.00 540.00
755.00 310.00 1165.00 770.00
637.00 291.00 1283.00 789.00
945.00 291.00 975.00 789.00
682.00 312.50 1238.00 767.50
613.00 292.50 1307.00 787.50
530.00 290.50 1390.00 789.50
725.00 290.50 1195.00 789.50
938.50 290.50 981.50 789.50
795.00 290.50 1125.00 789.50
953.50 290.50 966.50 789.50
645.00 293.50 1275.00 786.50
719.00 307.00 1201.00 773.00
657.00 290.50 1263.00 789.50
870.00 538.00 1050.00 542.00
593.00 290.50 1327.00 789.50
821.00 457.00 1099.00 623.00
958.00 422.50 962.00 657.50
809.00 540.00 1111.00 540.00
549.00 540.00 1371.00 540.00
528.00 538.50 1392.00 541.50
520.00 508.00 1400.00 572.00
562.00 536.00 1358.00 544.00
749.00 540.00 1171.00 540.00
525.00 455.00 1395.00 625.00
611.00 298.00 1309.00 782.00
803.00 315.00 1117.00 765.00
640.00 293.00 1280.00 787.00
906.50 533.50 1013.50 546.50
641.00 324.00 1279.00 756.00
652.00 291.50 1268.00 788.50
861.00 316.50 1059.00 763.50
960.00 488.50 960.00 591.50
595.00 290.50 1325.00 789.50
555.00 290.50 1365.00 789.50
832.00 290.50 1088.00 789.50
960.00 290.50 960.00 789.50
699.00 290.50 1221.00 789.50
601.00 370.00 1319.00 710.00
518.00 536.50 1402.00 543.50
551.00 540.00 1369.00 540.00
684.00 533.00 1236.00 547.00
523.00 291.00 1397.00 789.00
636.00 290.50 1284.00 789.50
517.00 346.50 1403.00 733.50
522.00 322.50 1398.00 757.50
780.00 540.00 1140.00 540.00
724.00 504.50 1196.00 575.50
537.00 539.00 1383.00 541.00
517.00 540.00 1403.00 540.00
517.00 540.00 1403.00 540.00
517.00 540.00 1403.00 540.00
522.00 540.00 1398.00 540.00
799.00 540.00 1121.00 540.00
565.00 506.00 1355.00 574.00
532.00 305.50 1388.00 774.50
630.00 401.00 1290.00 679.00
531.00 290.50 1389.00 789.50
698.00 290.50 1222.00 789.50
572.00 290.50 1348.00 789.50
540.00 290.50 1380.00 789.50
720.00 290.50 1200.00 789.50
569.00 317.50 1351.00 762.50
532.00 356.50 1388.00 723.50
523.00 290.50 1397.00 789.50
547.00 383.00 1373.00 697.00
538.00 314.00 1382.00 766.00
557.00 304.00 1363.00 776.00
592.00 357.50 1328.00 722.50
534.00 329.00 1386.00 751.00
615.00 540.00 1305.00 540.00
517.00 540.00 1403.00 540.00
518.00 540.00 1402.00 540.00
570.00 540.00 1350.00 540.00
904.00 291.00 1016.00 789.00
688.00 290.50 1232.00 789.50
557.00 540.00 1363.00 540.00
836.00 290.50 1084.00 789.50
710.00 291.50 1210.00 788.50
732.00 309.00 1188.00 771.00
590.00 295.00 1330.00 785.00
568.00 540.00 1352.00 540.00
893.00 540.00 1027.00 540.00
697.00 517.50 1223.00 562.50
770.00 353.50 1150.00 726.50
618.00 304.00 1302.00 776.00
655.00 397.00 1265.00 683.00
865.00 418.00 1055.00 662.00
927.00 290.50 993.00 789.50
901.00 290.50 1019.00 789.50
954.50 290.50 965.50 789.50
960.00 290.50 960.00 789.50
960.00 291.00 960.00 789.00
960.00 291.00 960.00 789.00
960.00 540.00 960.00 540.00
904.00 408.00 1016.00 672.00
716.00 307.50 1204.00 772.50
796.00 540.00 1124.00 540.00
546.00 540.00 1374.00 540.00
524.00 525.00 1396.00 555.00
517.00 536.50 1403.00 543.50
521.00 540.00 1399.00 540.00
550.00 538.00 1370.00 542.00
740.00 540.00 1180.00 540.00
770.00 540.00 1150.00 540.00
755.00 540.00 1165.00 540.00
922.50 539.50 997.50 540.50
959.00 290.50 961.00 789.50
954.50 540.00 965.50 540.00
958.00 540.00 962.00 540.00
539.00 540.00 1381.00 540.00
665.00 352.50 1255.00 727.50
926.00 352.50 994.00 727.50
960.00 540.00 960.00 540.00
959.00 540.00 961.00 540.00
771.00 320.00 1149.00 760.00
906.50 290.50 1013.50 789.50
517.00 290.50 1403.00 789.50
691.00 290.50 1229.00 789.50
560.00 290.50 1360.00 789.50
934.00 291.50 986.00 788.50
954.50 294.50 965.50 785.50
570.00 290.50 1350.00 789.50
518.00 290.50 1402.00 789.50
518.00 290.50 1402.00 789.50
518.00 290.50 1402.00 789.50
601.00 290.50 1319.00 789.50
518.00 290.50 1402.00 789.50
687.00 290.50 1233.00 789.50
707.00 290.50 1213.00 789.50
559.00 459.50 1361.00 620.50
595.00 290.50 1325.00 789.50
582.00 292.00 1338.00 788.00
520.00 290.50 1400.00 789.50
517.00 413.00 1403.00 667.00
859.00 540.00 1061.00 540.00
636.00 540.00 1284.00 540.00
946.00 540.00 974.00 540.00
621.00 425.00 1299.00 655.00
640.00 391.50 1280.00 688.50
563.00 540.00 1357.00 540.00
574.00 540.00 1346.00 540.00
598.00 540.00 1322.00 540.00
527.00 389.50 1393.00 690.50
532.00 540.00 1388.00 540.00
660.00 539.00 1260.00 541.00
602.00 291.00 1318.00 789.00
527.00 290.50 1393.00 789.50
521.00 290.50 1399.00 789.50
523.00 290.50 1397.00 789.50
518.00 290.50 1402.00 789.50
524.00 402.50 1396.00 677.50
910.50 290.50 1009.50 789.50
934.50 290.50 985.50 789.50
532.00 290.50 1388.00 789.50
530.00 290.50 1390.00 789.50
517.00 290.50 1403.00 789.50
801.00 290.50 1119.00 789.50
815.00 540.00 1105.00 540.00
712.00 290.50 1208.00 789.50
592.00 540.00 1328.00 540.00
761.00 540.00 1159.00 540.00
525.00 540.00 1395.00 540.00
545.00 540.00 1375.00 540.00
610.00 540.00 1310.00 540.00
522.00 540.00 1398.00 540.00
931.00 540.00 989.00 540.00
677.00 540.00 1243.00 540.00
768.00 540.00 1152.00 540.00
625.00 540.00 1295.00 540.00
656.00 540.00 1264.00 540.00
695.00 539.50 1225.00 540.50
521.00 452.00 1399.00 628.00
527.00 349.00 1393.00 731.00
550.00 534.50 1370.00 545.50
543.00 314.00 1377.00 766.00
521.00 290.50 1399.00 789.50
532.00 290.50 1388.00 789.50
517.00 524.00 1403.00 556.00
517.00 290.50 1403.00 789.50
517.00 290.50 1403.00 789.50
517.00 291.00 1403.00 789.00
517.00 298.00 1403.00 782.00
517.00 324.00 1403.00 756.00
517.00 346.00 1403.00 734.00
518.00 299.50 1402.00 780.50
517.00 291.50 1403.00 788.50
697.00 297.50 1223.00 782.50
554.00 299.50 1366.00 780.50
517.00 372.00 1403.00 708.00
518.00 540.00 1402.00 540.00
552.00 521.00 1368.00 559.00
517.00 302.00 1403.00 778.00
517.00 306.50 1403.00 773.50
517.00 290.50 1403.00 789.50
518.00 290.50 1402.00 789.50
533.00 291.00 1387.00 789.00
517.00 290.50 1403.00 789.50
517.00 493.00 1403.00 587.00
589.00 385.50 1331.00 694.50
517.00 540.00 1403.00 540.00
517.00 539.50 1403.00 540.50
664.00 540.00 1256.00 540.00
935.50 540.00 984.50 540.00
630.00 540.00 1290.00 540.00
533.00 540.00 1387.00 540.00
657.00 540.00 1263.00 540.00
634.00 540.00 1286.00 540.00
678.00 540.00 1242.00 540.00
555.00 538.00 1365.00 542.00
632.00 540.00 1288.00 540.00
592.00 537.50 1328.00 542.50
