977.00 322.00 53.00 48.00
901.00 290.50 1019.00 789.50
840.00 290.50 1080.00 789.50
941.00 290.50 979.00 789.50
960.00 290.50 960.00 789.50
949.50 290.50 970.50 789.50
959.00 290.50 961.00 789.50
953.50 291.00 966.50 789.00
960.00 291.00 960.00 789.00
930.00 290.50 990.00 789.50
960.00 291.00 960.00 789.00
960.00 290.50 960.00 789.50
960.00 290.50 960.00 789.50
954.50 291.00 965.50 789.00
922.50 446.00 997.50 634.00
805.00 396.50 1115.00 683.50
862.00 292.00 1058.00 788.00
898.00 291.00 1022.00 789.00
906.50 292.50 1013.50 787.50
542.00 539.50 1378.00 540.50
822.00 292.00 1098.00 788.00
771.00 290.50 1149.00 789.50
960.00 290.50 960.00 789.50
960.00 317.00 960.00 763.00
954.50 540.00 965.50 540.00
936.50 539.50 983.50 540.50
680.00 436.00 1240.00 644.00
692.00 532.50 1228.00 547.50
880.00 301.00 1040.00 779.00
766.00 393.00 1154.00 687.00
960.00 291.00 960.00 789.00
958.00 316.00 962.00 764.00
848.00 305.00 1072.00 775.00
929.00 321.50 991.00 758.50
934.00 299.50 986.00 780.50
944.00 424.00 976.00 656.00
941.00 378.50 979.00 701.50
843.00 413.00 1077.00 667.00
950.50 540.00 969.50 540.00
959.00 539.00 961.00 541.00
959.00 299.50 961.00 780.50
960.00 290.50 960.00 789.50
959.00 290.50 961.00 789.50
960.00 290.50 960.00 789.50
958.00 290.50 962.00 789.50
960.00 382.50 960.00 697.50
575.00 518.50 1345.00 561.50
825.00 290.50 1095.00 789.50
634.00 297.50 1286.00 782.50
930.00 290.50 990.00 789.50
777.00 290.50 1143.00 789.50
758.00 290.50 1162.00 789.50
690.00 290.50 1230.00 789.50
781.00 290.50 1139.00 789.50
711.00 292.00 1209.00 788.00
517.00 429.50 1403.00 650.50
536.00 302.50 1384.00 777.50
541.00 300.00 1379.00 780.00
946.00 540.00 974.00 540.00
940.50 536.50 979.50 543.50
927.00 290.50 993.00 789.50
677.00 291.00 1243.00 789.00
706.00 375.50 1214.00 704.50
951.50 315.00 968.50 765.00
910.50 293.50 1009.50 786.50
892.00 304.50 1028.00 775.50
940.50 295.50 979.50 784.50
709.00 291.00 1211.00 789.00
875.00 483.00 1045.00 597.00
656.00 291.50 1264.00 788.50
610.00 333.00 1310.00 747.00
681.00 291.00 1239.00 789.00
681.00 291.50 1239.00 788.50
758.00 290.50 1162.00 789.50
919.00 298.00 1001.00 782.00
891.00 294.50 1029.00 785.50
658.00 291.00 1262.00 789.00
602.00 293.00 1318.00 787.00
696.00 291.50 1224.00 788.50
568.00 298.50 1352.00 781.50
701.00 290.50 1219.00 789.50
682.00 290.50 1238.00 789.50
842.00 290.50 1078.00 789.50
700.00 290.50 1220.00 789.50
779.00 299.50 1141.00 780.50
886.00 290.50 1034.00 789.50
690.00 359.00 1230.00 721.00
732.00 290.50 1188.00 789.50
678.00 296.00 1242.00 784.00
658.00 304.50 1262.00 775.50
790.00 306.00 1130.00 774.00
815.00 302.50 1105.00 777.50
668.00 309.00 1252.00 771.00
578.00 363.50 1342.00 716.50
742.00 511.50 1178.00 568.50
679.00 322.50 1241.00 757.50
616.00 374.00 1304.00 706.00
804.00 306.00 1116.00 774.00
957.00 290.50 963.00 789.50
906.50 291.00 1013.50 789.00
941.00 299.00 979.00 781.00
816.00 290.50 1104.00 789.50
950.50 381.50 969.50 698.50
663.00 538.00 1257.00 542.00
769.00 498.50 1151.00 581.50
647.00 382.00 1273.00 698.00
776.00 520.00 1144.00 560.00
799.00 290.50 1121.00 789.50
704.00 540.00 1216.00 540.00
704.00 537.00 1216.00 543.00
725.00 523.00 1195.00 557.00
614.00 417.50 1306.00 662.50
712.00 539.50 1208.00 540.50
694.00 360.50 1226.00 719.50
698.00 345.50 1222.00 734.50
739.00 316.00 1181.00 764.00
702.00 526.50 1218.00 553.50
660.00 516.50 1260.00 563.50
816.00 336.00 1104.00 744.00
769.00 526.50 1151.00 553.50
884.00 290.50 1036.00 789.50
583.00 304.00 1337.00 776.00
564.00 540.00 1356.00 540.00
673.00 293.50 1247.00 786.50
587.00 526.50 1333.00 553.50
661.00 291.00 1259.00 789.00
590.00 538.50 1330.00 541.50
661.00 540.00 1259.00 540.00
738.00 331.50 1182.00 748.50
616.00 540.00 1304.00 540.00
682.00 515.50 1238.00 564.50
646.00 539.00 1274.00 541.00
619.00 540.00 1301.00 540.00
713.00 399.50 1207.00 680.50
713.00 439.00 1207.00 641.00
886.00 316.00 1034.00 764.00
593.00 518.00 1327.00 562.00
670.00 517.50 1250.00 562.50
594.00 540.00 1326.00 540.00
661.00 349.50 1259.00 730.50
527.00 365.00 1393.00 715.00
627.00 391.00 1293.00 689.00
525.00 540.00 1395.00 540.00
518.00 540.00 1402.00 540.00
832.00 540.00 1088.00 540.00
930.00 540.00 990.00 540.00
596.00 490.50 1324.00 589.50
946.00 540.00 974.00 540.00
888.00 540.00 1032.00 540.00
763.00 535.50 1157.00 544.50
711.00 342.00 1209.00 738.00
607.00 493.50 1313.00 586.50
589.00 540.00 1331.00 540.00
643.00 540.00 1277.00 540.00
792.00 371.00 1128.00 709.00
720.00 540.00 1200.00 540.00
796.00 478.50 1124.00 601.50
639.00 293.50 1281.00 786.50
739.00 299.50 1181.00 780.50
698.00 315.50 1222.00 764.50
848.00 406.00 1072.00 674.00
579.00 472.50 1341.00 607.50
538.00 476.00 1382.00 604.00
573.00 290.50 1347.00 789.50
960.00 290.50 960.00 789.50
917.00 290.50 1003.00 789.50
957.00 296.50 963.00 783.50
713.00 291.00 1207.00 789.00
694.00 346.50 1226.00 733.50
692.00 290.50 1228.00 789.50
797.00 296.00 1123.00 784.00
707.00 481.50 1213.00 598.50
735.00 290.50 1185.00 789.50
620.00 296.50 1300.00 783.50
702.00 291.50 1218.00 788.50
715.00 305.00 1205.00 775.00
712.00 324.00 1208.00 756.00
697.00 318.00 1223.00 762.00
958.00 327.50 962.00 752.50
913.00 298.00 1007.00 782.00
942.00 508.00 978.00 572.00
959.00 532.00 961.00 548.00
916.00 307.00 1004.00 773.00
897.00 355.50 1023.00 724.50
878.00 469.00 1042.00 611.00
775.00 295.00 1145.00 785.00
738.00 306.50 1182.00 773.50
759.00 499.00 1161.00 581.00
731.00 398.50 1189.00 681.50
911.00 296.50 1009.00 783.50
794.00 524.50 1126.00 555.50
734.00 539.00 1186.00 541.00
834.00 341.00 1086.00 739.00
935.50 291.50 984.50 788.50
932.00 292.00 988.00 788.00
818.00 300.50 1102.00 779.50
652.00 292.50 1268.00 787.50
604.00 295.00 1316.00 785.00
689.00 297.00 1231.00 783.00
631.00 326.00 1289.00 754.00
637.00 413.00 1283.00 667.00
682.00 472.00 1238.00 608.00
662.00 290.50 1258.00 789.50
635.00 290.50 1285.00 789.50
628.00 293.00 1292.00 787.00
611.00 290.50 1309.00 789.50
728.00 290.50 1192.00 789.50
834.00 290.50 1086.00 789.50
932.00 290.50 988.00 789.50
720.00 290.50 1200.00 789.50
832.00 290.50 1088.00 789.50
607.00 290.50 1313.00 789.50
720.00 290.50 1200.00 789.50
832.00 290.50 1088.00 789.50
697.00 290.50 1223.00 789.50
728.00 290.50 1192.00 789.50
887.00 290.50 1033.00 789.50
778.00 290.50 1142.00 789.50
695.00 290.50 1225.00 789.50
686.00 290.50 1234.00 789.50
855.00 290.50 1065.00 789.50
748.00 290.50 1172.00 789.50
938.50 290.50 981.50 789.50
738.00 290.50 1182.00 789.50
843.00 290.50 1077.00 789.50
695.00 290.50 1225.00 789.50
959.00 290.50 961.00 789.50
880.00 290.50 1040.00 789.50
919.50 290.50 1000.50 789.50
518.00 290.50 1402.00 789.50
521.00 290.50 1399.00 789.50
517.00 290.50 1403.00 789.50
550.00 290.50 1370.00 789.50
526.00 408.50 1394.00 671.50
665.00 290.50 1255.00 789.50
536.00 291.00 1384.00 789.00
678.00 540.00 1242.00 540.00
926.00 433.00 994.00 647.00
927.00 521.00 993.00 559.00
814.00 499.50 1106.00 580.50
637.00 414.00 1283.00 666.00
688.00 290.50 1232.00 789.50
726.00 301.50 1194.00 778.50
532.00 290.50 1388.00 789.50
559.00 294.50 1361.00 785.50
690.00 305.50 1230.00 774.50
842.00 301.00 1078.00 779.00
832.00 290.50 1088.00 789.50
742.00 293.00 1178.00 787.00
523.00 290.50 1397.00 789.50
689.00 290.50 1231.00 789.50
755.00 290.50 1165.00 789.50
729.00 292.00 1191.00 788.00
742.00 290.50 1178.00 789.50
673.00 290.50 1247.00 789.50
790.00 291.00 1130.00 789.00
674.00 291.50 1246.00 788.50
752.00 290.50 1168.00 789.50
663.00 291.00 1257.00 789.00
927.00 292.00 993.00 788.00
917.00 295.00 1003.00 785.00
953.50 290.50 966.50 789.50
950.50 293.50 969.50 786.50
954.50 329.00 965.50 751.00
946.00 291.00 974.00 789.00
859.00 294.50 1061.00 785.50
628.00 291.50 1292.00 788.50
681.00 311.00 1239.00 769.00
549.00 338.00 1371.00 742.00
610.00 292.50 1310.00 787.50
699.00 290.50 1221.00 789.50
693.00 291.00 1227.00 789.00
583.00 305.50 1337.00 774.50
580.00 291.50 1340.00 788.50
702.00 525.00 1218.00 555.00
758.00 539.50 1162.00 540.50
732.00 506.00 1188.00 574.00
862.00 422.50 1058.00 657.50
891.00 540.00 1029.00 540.00
832.00 540.00 1088.00 540.00
939.50 540.00 980.50 540.00
925.50 540.00 994.50 540.00
936.50 334.00 983.50 746.00
941.00 378.00 979.00 702.00
617.00 473.00 1303.00 607.00
790.00 291.50 1130.00 788.50
806.00 290.50 1114.00 789.50
859.00 291.00 1061.00 789.00
702.00 532.50 1218.00 547.50
846.00 446.00 1074.00 634.00
807.00 533.50 1113.00 546.50
651.00 342.00 1269.00 738.00
618.00 540.00 1302.00 540.00
612.00 540.00 1308.00 540.00
596.00 411.00 1324.00 669.00
902.00 540.00 1018.00 540.00
633.00 480.50 1287.00 599.50
742.00 539.50 1178.00 540.50
865.00 292.50 1055.00 787.50
600.00 377.50 1320.00 702.50
862.00 294.50 1058.00 785.50
650.00 291.50 1270.00 788.50
953.50 293.50 966.50 786.50
929.00 295.50 991.00 784.50
947.00 291.00 973.00 789.00
761.00 290.50 1159.00 789.50
830.00 290.50 1090.00 789.50
712.00 308.50 1208.00 771.50
742.00 319.00 1178.00 761.00
605.00 380.00 1315.00 700.00
663.00 315.50 1257.00 764.50
682.00 290.50 1238.00 789.50
951.50 329.00 968.50 751.00
940.50 294.50 979.50 785.50
712.00 299.50 1208.00 780.50
876.00 505.00 1044.00 575.00
955.50 360.50 964.50 719.50
782.00 301.50 1138.00 778.50
652.00 299.50 1268.00 780.50
633.00 392.50 1287.00 687.50
593.00 305.00 1327.00 775.00
520.00 477.00 1400.00 603.00
519.00 305.50 1401.00 774.50
518.00 331.50 1402.00 748.50
528.00 315.50 1392.00 764.50
518.00 510.50 1402.00 569.50
517.00 540.00 1403.00 540.00
518.00 540.00 1402.00 540.00
518.00 515.50 1402.00 564.50
706.00 536.50 1214.00 543.50
960.00 290.50 960.00 789.50
900.00 476.50 1020.00 603.50
936.50 540.00 983.50 540.00
622.00 540.00 1298.00 540.00
872.00 340.50 1048.00 739.50
940.50 290.50 979.50 789.50
960.00 290.50 960.00 789.50
960.00 290.50 960.00 789.50
853.00 335.00 1067.00 745.00
938.50 290.50 981.50 789.50
960.00 290.50 960.00 789.50
960.00 290.50 960.00 789.50
716.00 290.50 1204.00 789.50
698.00 290.50 1222.00 789.50
689.00 290.50 1231.00 789.50
694.00 290.50 1226.00 789.50
820.00 290.50 1100.00 789.50
850.00 308.00 1070.00 772.00
904.00 297.00 1016.00 783.00
929.00 294.50 991.00 785.50
921.50 297.00 998.50 783.00
913.00 380.50 1007.00 699.50
933.00 310.50 987.00 769.50
922.50 292.50 997.50 787.50
953.50 291.50 966.50 788.50
946.00 290.50 974.00 789.50
960.00 291.00 960.00 789.00
814.00 291.50 1106.00 788.50
959.00 358.00 961.00 722.00
960.00 333.00 960.00 747.00
960.00 504.00 960.00 576.00
948.00 316.00 972.00 764.00
960.00 290.50 960.00 789.50
953.50 539.50 966.50 540.50
960.00 540.00 960.00 540.00
960.00 355.00 960.00 725.00
960.00 293.50 960.00 786.50
959.00 291.00 961.00 789.00
950.50 290.50 969.50 789.50
960.00 291.00 960.00 789.00
960.00 297.50 960.00 782.50
960.00 291.00 960.00 789.00
960.00 290.50 960.00 789.50
960.00 290.50 960.00 789.50
780.00 291.00 1140.00 789.00
952.50 290.50 967.50 789.50
874.00 290.50 1046.00 789.50
646.00 291.50 1274.00 788.50
710.00 292.50 1210.00 787.50
807.00 290.50 1113.00 789.50
813.00 291.50 1107.00 788.50
771.00 290.50 1149.00 789.50
779.00 290.50 1141.00 789.50
925.50 290.50 994.50 789.50
799.00 306.00 1121.00 774.00
904.00 291.00 1016.00 789.00
904.50 302.00 1015.50 778.00
784.00 308.50 1136.00 771.50
776.00 291.00 1144.00 789.00
784.00 299.00 1136.00 781.00
904.00 290.50 1016.00 789.50
706.00 428.50 1214.00 651.50
643.00 298.50 1277.00 781.50
949.50 290.50 970.50 789.50
790.00 290.50 1130.00 789.50
933.00 290.50 987.00 789.50
772.00 322.50 1148.00 757.50
904.00 360.50 1016.00 719.50
668.00 321.50 1252.00 758.50
696.00 297.00 1224.00 783.00
953.50 290.50 966.50 789.50
953.50 291.00 966.50 789.00
957.00 444.50 963.00 635.50
941.00 326.00 979.00 754.00
953.50 290.50 966.50 789.50
960.00 294.50 960.00 785.50
959.00 290.50 961.00 789.50
921.50 290.50 998.50 789.50
959.00 290.50 961.00 789.50
958.00 312.00 962.00 768.00
685.00 290.50 1235.00 789.50
832.00 291.50 1088.00 788.50
834.00 291.00 1086.00 789.00
865.00 291.00 1055.00 789.00
866.00 310.50 1054.00 769.50
728.00 291.50 1192.00 788.50
662.00 291.00 1258.00 789.00
704.00 291.00 1216.00 789.00
764.00 292.50 1156.00 787.50
863.00 291.50 1057.00 788.50
891.00 291.50 1029.00 788.50
930.00 291.50 990.00 788.50
786.00 310.50 1134.00 769.50
705.00 370.00 1215.00 710.00
871.00 305.00 1049.00 775.00
957.00 292.00 963.00 788.00
719.00 290.50 1201.00 789.50
805.00 290.50 1115.00 789.50
892.00 290.50 1028.00 789.50
959.00 290.50 961.00 789.50
956.00 290.50 964.00 789.50
959.00 290.50 961.00 789.50
959.00 290.50 961.00 789.50
955.50 290.50 964.50 789.50
840.00 291.00 1080.00 789.00
947.00 290.50 973.00 789.50
761.00 297.50 1159.00 782.50
828.00 368.00 1092.00 712.00
758.00 308.00 1162.00 772.00
960.00 292.50 960.00 787.50
959.00 440.00 961.00 640.00
828.00 298.50 1092.00 781.50
742.00 301.00 1178.00 779.00
750.00 290.50 1170.00 789.50
848.00 290.50 1072.00 789.50
786.00 290.50 1134.00 789.50
846.00 290.50 1074.00 789.50
934.00 290.50 986.00 789.50
671.00 290.50 1249.00 789.50
922.50 290.50 997.50 789.50
570.00 291.00 1350.00 789.00
521.00 315.00 1399.00 765.00
550.00 392.50 1370.00 687.50
565.00 452.00 1355.00 628.00
596.00 450.50 1324.00 629.50
662.00 349.00 1258.00 731.00
948.00 530.00 972.00 550.00
762.00 522.00 1158.00 558.00
671.00 441.00 1249.00 639.00
749.00 540.00 1171.00 540.00
684.00 540.00 1236.00 540.00
673.00 386.50 1247.00 693.50
910.50 328.00 1009.50 752.00
654.00 435.00 1266.00 645.00
732.00 338.00 1188.00 742.00
945.00 341.00 975.00 739.00
944.00 295.50 976.00 784.50
824.00 404.50 1096.00 675.50
917.00 296.50 1003.00 783.50
924.50 450.00 995.50 630.00
732.00 329.00 1188.00 751.00
889.00 290.50 1031.00 789.50
848.00 290.50 1072.00 789.50
953.50 290.50 966.50 789.50
919.00 290.50 1001.00 789.50
792.00 290.50 1128.00 789.50
937.50 294.50 982.50 785.50
847.00 293.50 1073.00 786.50
878.00 452.00 1042.00 628.00
758.00 293.00 1162.00 787.00
804.00 302.00 1116.00 778.00
716.00 309.50 1204.00 770.50
701.00 295.50 1219.00 784.50
737.00 317.50 1183.00 762.50
844.00 321.00 1076.00 759.00
899.00 321.50 1021.00 758.50
688.00 302.50 1232.00 777.50
795.00 336.00 1125.00 744.00
814.00 290.50 1106.00 789.50
875.00 290.50 1045.00 789.50
696.00 292.50 1224.00 787.50
959.00 290.50 961.00 789.50
949.50 456.00 970.50 624.00
876.00 326.00 1044.00 754.00
960.00 291.50 960.00 788.50
959.00 295.00 961.00 785.00
720.00 290.50 1200.00 789.50
885.00 491.50 1035.00 588.50
909.50 295.50 1010.50 784.50
915.00 318.00 1005.00 762.00
