708.00 260.00 394.00 207.00
517.00 294.50 1403.00 785.50
520.00 298.00 1400.00 782.00
517.00 358.00 1403.00 722.00
517.00 302.00 1403.00 778.00
519.00 409.50 1401.00 670.50
518.00 304.00 1402.00 776.00
570.00 332.00 1350.00 748.00
529.00 294.50 1391.00 785.50
518.00 295.00 1402.00 785.00
518.00 293.00 1402.00 787.00
517.00 291.00 1403.00 789.00
517.00 290.50 1403.00 789.50
518.00 293.50 1402.00 786.50
554.00 295.00 1366.00 785.00
517.00 294.50 1403.00 785.50
528.00 300.00 1392.00 780.00
517.00 291.00 1403.00 789.00
524.00 325.50 1396.00 754.50
517.00 353.00 1403.00 727.00
517.00 321.50 1403.00 758.50
517.00 290.50 1403.00 789.50
517.00 290.50 1403.00 789.50
517.00 290.50 1403.00 789.50
517.00 290.50 1403.00 789.50
517.00 290.50 1403.00 789.50
517.00 290.50 1403.00 789.50
524.00 290.50 1396.00 789.50
522.00 290.50 1398.00 789.50
658.00 293.50 1262.00 786.50
518.00 290.50 1402.00 789.50
907.50 291.00 1012.50 789.00
539.00 292.50 1381.00 787.50
645.00 290.50 1275.00 789.50
661.00 290.50 1259.00 789.50
745.00 290.50 1175.00 789.50
887.00 290.50 1033.00 789.50
931.00 290.50 989.00 789.50
960.00 290.50 960.00 789.50
957.00 290.50 963.00 789.50
960.00 290.50 960.00 789.50
888.00 290.50 1032.00 789.50
958.00 290.50 962.00 789.50
958.00 291.50 962.00 788.50
934.50 291.00 985.50 789.00
957.00 292.00 963.00 788.00
897.00 294.50 1023.00 785.50
886.00 336.00 1034.00 744.00
820.00 456.00 1100.00 624.00
577.00 453.50 1343.00 626.50
909.50 537.50 1010.50 542.50
529.00 312.00 1391.00 768.00
522.00 367.00 1398.00 713.00
826.00 290.50 1094.00 789.50
520.00 291.50 1400.00 788.50
695.00 290.50 1225.00 789.50
626.00 292.00 1294.00 788.00
835.00 290.50 1085.00 789.50
958.00 290.50 962.00 789.50
686.00 290.50 1234.00 789.50
836.00 290.50 1084.00 789.50
714.00 290.50 1206.00 789.50
951.50 290.50 968.50 789.50
936.50 290.50 983.50 789.50
835.00 292.00 1085.00 788.00
880.00 290.50 1040.00 789.50
535.00 290.50 1385.00 789.50
764.00 290.50 1156.00 789.50
698.00 290.50 1222.00 789.50
610.00 298.00 1310.00 782.00
542.00 412.00 1378.00 668.00
545.00 516.50 1375.00 563.50
517.00 540.00 1403.00 540.00
517.00 540.00 1403.00 540.00
517.00 539.50 1403.00 540.50
517.00 539.50 1403.00 540.50
517.00 539.50 1403.00 540.50
570.00 540.00 1350.00 540.00
517.00 540.00 1403.00 540.00
517.00 536.00 1403.00 544.00
517.00 318.00 1403.00 762.00
562.00 290.50 1358.00 789.50
517.00 290.50 1403.00 789.50
517.00 290.50 1403.00 789.50
517.00 290.50 1403.00 789.50
517.00 290.50 1403.00 789.50
517.00 290.50 1403.00 789.50
517.00 290.50 1403.00 789.50
517.00 290.50 1403.00 789.50
517.00 290.50 1403.00 789.50
517.00 290.50 1403.00 789.50
517.00 290.50 1403.00 789.50
524.00 299.50 1396.00 780.50
517.00 297.50 1403.00 782.50
518.00 436.50 1402.00 643.50
518.00 499.00 1402.00 581.00
517.00 540.00 1403.00 540.00
518.00 469.00 1402.00 611.00
517.00 540.00 1403.00 540.00
704.00 540.00 1216.00 540.00
662.00 526.50 1258.00 553.50
640.00 299.50 1280.00 780.50
930.00 290.50 990.00 789.50
926.00 290.50 994.00 789.50
895.00 290.50 1025.00 789.50
949.50 290.50 970.50 789.50
818.00 290.50 1102.00 789.50
571.00 290.50 1349.00 789.50
868.00 290.50 1052.00 789.50
624.00 290.50 1296.00 789.50
521.00 290.50 1399.00 789.50
746.00 291.50 1174.00 788.50
913.00 290.50 1007.00 789.50
953.50 290.50 966.50 789.50
893.00 291.00 1027.00 789.00
950.50 291.00 969.50 789.00
953.50 290.50 966.50 789.50
737.00 293.00 1183.00 787.00
924.50 290.50 995.50 789.50
890.00 291.00 1030.00 789.00
608.00 313.00 1312.00 767.00
772.00 291.00 1148.00 789.00
825.00 290.50 1095.00 789.50
644.00 290.50 1276.00 789.50
585.00 290.50 1335.00 789.50
635.00 290.50 1285.00 789.50
529.00 290.50 1391.00 789.50
540.00 421.50 1380.00 658.50
551.00 290.50 1369.00 789.50
539.00 290.50 1381.00 789.50
520.00 291.00 1400.00 789.00
558.00 290.50 1362.00 789.50
518.00 290.50 1402.00 789.50
517.00 292.00 1403.00 788.00
590.00 290.50 1330.00 789.50
518.00 512.50 1402.00 567.50
517.00 482.50 1403.00 597.50
548.00 539.50 1372.00 540.50
521.00 495.50 1399.00 584.50
518.00 434.50 1402.00 645.50
829.00 307.00 1091.00 773.00
529.00 430.00 1391.00 650.00
531.00 537.00 1389.00 543.00
550.00 538.50 1370.00 541.50
553.00 540.00 1367.00 540.00
521.00 540.00 1399.00 540.00
608.00 540.00 1312.00 540.00
578.00 540.00 1342.00 540.00
608.00 298.00 1312.00 782.00
611.00 351.50 1309.00 728.50
736.00 320.00 1184.00 760.00
653.00 540.00 1267.00 540.00
529.00 296.00 1391.00 784.00
528.00 291.00 1392.00 789.00
518.00 290.50 1402.00 789.50
542.00 290.50 1378.00 789.50
518.00 290.50 1402.00 789.50
517.00 290.50 1403.00 789.50
556.00 290.50 1364.00 789.50
558.00 290.50 1362.00 789.50
520.00 290.50 1400.00 789.50
517.00 292.00 1403.00 788.00
517.00 492.00 1403.00 588.00
517.00 512.50 1403.00 567.50
517.00 540.00 1403.00 540.00
521.00 536.50 1399.00 543.50
517.00 540.00 1403.00 540.00
839.00 305.50 1081.00 774.50
546.00 343.50 1374.00 736.50
626.00 295.00 1294.00 785.00
893.00 290.50 1027.00 789.50
716.00 291.50 1204.00 788.50
825.00 290.50 1095.00 789.50
668.00 290.50 1252.00 789.50
742.00 290.50 1178.00 789.50
713.00 291.00 1207.00 789.00
697.00 290.50 1223.00 789.50
535.00 290.50 1385.00 789.50
520.00 311.00 1400.00 769.00
517.00 539.50 1403.00 540.50
591.00 421.50 1329.00 658.50
518.00 292.50 1402.00 787.50
524.00 290.50 1396.00 789.50
727.00 290.50 1193.00 789.50
543.00 307.00 1377.00 773.00
539.00 291.00 1381.00 789.00
530.00 362.00 1390.00 718.00
517.00 333.00 1403.00 747.00
526.00 335.00 1394.00 745.00
517.00 335.00 1403.00 745.00
517.00 299.50 1403.00 780.50
518.00 291.00 1402.00 789.00
518.00 290.50 1402.00 789.50
518.00 290.50 1402.00 789.50
519.00 290.50 1401.00 789.50
532.00 308.50 1388.00 771.50
517.00 420.50 1403.00 659.50
518.00 291.00 1402.00 789.00
517.00 290.50 1403.00 789.50
539.00 291.00 1381.00 789.00
520.00 290.50 1400.00 789.50
853.00 290.50 1067.00 789.50
517.00 290.50 1403.00 789.50
517.00 290.50 1403.00 789.50
517.00 290.50 1403.00 789.50
517.00 290.50 1403.00 789.50
517.00 290.50 1403.00 789.50
517.00 290.50 1403.00 789.50
517.00 290.50 1403.00 789.50
645.00 290.50 1275.00 789.50
517.00 290.50 1403.00 789.50
766.00 290.50 1154.00 789.50
750.00 290.50 1170.00 789.50
633.00 290.50 1287.00 789.50
570.00 290.50 1350.00 789.50
695.00 290.50 1225.00 789.50
546.00 290.50 1374.00 789.50
549.00 290.50 1371.00 789.50
525.00 290.50 1395.00 789.50
693.00 290.50 1227.00 789.50
615.00 290.50 1305.00 789.50
960.00 290.50 960.00 789.50
959.00 291.50 961.00 788.50
959.00 290.50 961.00 789.50
954.50 290.50 965.50 789.50
704.00 290.50 1216.00 789.50
655.00 290.50 1265.00 789.50
592.00 290.50 1328.00 789.50
559.00 290.50 1361.00 789.50
560.00 290.50 1360.00 789.50
698.00 290.50 1222.00 789.50
614.00 290.50 1306.00 789.50
629.00 290.50 1291.00 789.50
589.00 295.00 1331.00 785.00
549.00 305.00 1371.00 775.00
590.00 290.50 1330.00 789.50
860.00 290.50 1060.00 789.50
548.00 293.50 1372.00 786.50
610.00 417.50 1310.00 662.50
658.00 290.50 1262.00 789.50
517.00 290.50 1403.00 789.50
618.00 294.50 1302.00 785.50
518.00 297.00 1402.00 783.00
672.00 290.50 1248.00 789.50
655.00 290.50 1265.00 789.50
937.50 290.50 982.50 789.50
955.50 295.50 964.50 784.50
960.00 290.50 960.00 789.50
960.00 290.50 960.00 789.50
960.00 290.50 960.00 789.50
908.50 290.50 1011.50 789.50
954.50 290.50 965.50 789.50
904.00 290.50 1016.00 789.50
911.00 290.50 1009.00 789.50
785.00 316.50 1135.00 763.50
701.00 292.50 1219.00 787.50
959.00 290.50 961.00 789.50
958.00 298.50 962.00 781.50
959.00 290.50 961.00 789.50
960.00 290.50 960.00 789.50
960.00 290.50 960.00 789.50
957.00 290.50 963.00 789.50
944.00 290.50 976.00 789.50
954.50 290.50 965.50 789.50
959.00 290.50 961.00 789.50
956.00 290.50 964.00 789.50
822.00 290.50 1098.00 789.50
587.00 290.50 1333.00 789.50
603.00 290.50 1317.00 789.50
517.00 290.50 1403.00 789.50
517.00 290.50 1403.00 789.50
532.00 290.50 1388.00 789.50
520.00 309.00 1400.00 771.00
517.00 292.00 1403.00 788.00
517.00 300.00 1403.00 780.00
518.00 540.00 1402.00 540.00
517.00 540.00 1403.00 540.00
517.00 540.00 1403.00 540.00
517.00 540.00 1403.00 540.00
517.00 540.00 1403.00 540.00
517.00 539.00 1403.00 541.00
517.00 472.50 1403.00 607.50
517.00 538.00 1403.00 542.00
518.00 356.00 1402.00 724.00
517.00 539.00 1403.00 541.00
517.00 290.50 1403.00 789.50
628.00 290.50 1292.00 789.50
556.00 290.50 1364.00 789.50
520.00 291.00 1400.00 789.00
681.00 290.50 1239.00 789.50
679.00 290.50 1241.00 789.50
649.00 290.50 1271.00 789.50
517.00 292.50 1403.00 787.50
517.00 290.50 1403.00 789.50
632.00 290.50 1288.00 789.50
517.00 290.50 1403.00 789.50
517.00 290.50 1403.00 789.50
520.00 290.50 1400.00 789.50
807.00 290.50 1113.00 789.50
520.00 290.50 1400.00 789.50
538.00 292.00 1382.00 788.00
654.00 296.50 1266.00 783.50
655.00 331.00 1265.00 749.00
529.00 291.50 1391.00 788.50
520.00 292.50 1400.00 787.50
694.00 318.50 1226.00 761.50
517.00 290.50 1403.00 789.50
518.00 298.50 1402.00 781.50
517.00 538.50 1403.00 541.50
628.00 503.50 1292.00 576.50
521.00 420.00 1399.00 660.00
527.00 538.50 1393.00 541.50
517.00 527.00 1403.00 553.00
518.00 290.50 1402.00 789.50
893.00 290.50 1027.00 789.50
904.00 290.50 1016.00 789.50
844.00 290.50 1076.00 789.50
863.00 290.50 1057.00 789.50
690.00 290.50 1230.00 789.50
635.00 290.50 1285.00 789.50
953.50 290.50 966.50 789.50
844.00 290.50 1076.00 789.50
750.00 290.50 1170.00 789.50
680.00 290.50 1240.00 789.50
773.00 290.50 1147.00 789.50
587.00 294.50 1333.00 785.50
517.00 370.00 1403.00 710.00
517.00 333.00 1403.00 747.00
517.00 290.50 1403.00 789.50
624.00 290.50 1296.00 789.50
558.00 290.50 1362.00 789.50
526.00 292.00 1394.00 788.00
525.00 290.50 1395.00 789.50
581.00 291.00 1339.00 789.00
521.00 291.00 1399.00 789.00
517.00 292.00 1403.00 788.00
546.00 290.50 1374.00 789.50
640.00 290.50 1280.00 789.50
553.00 290.50 1367.00 789.50
517.00 291.00 1403.00 789.00
517.00 291.50 1403.00 788.50
517.00 290.50 1403.00 789.50
517.00 290.50 1403.00 789.50
517.00 469.50 1403.00 610.50
517.00 290.50 1403.00 789.50
517.00 292.00 1403.00 788.00
517.00 311.00 1403.00 769.00
517.00 290.50 1403.00 789.50
536.00 290.50 1384.00 789.50
517.00 290.50 1403.00 789.50
517.00 290.50 1403.00 789.50
517.00 290.50 1403.00 789.50
517.00 290.50 1403.00 789.50
517.00 290.50 1403.00 789.50
517.00 290.50 1403.00 789.50
517.00 290.50 1403.00 789.50
517.00 290.50 1403.00 789.50
517.00 290.50 1403.00 789.50
517.00 290.50 1403.00 789.50
518.00 290.50 1402.00 789.50
518.00 290.50 1402.00 789.50
517.00 290.50 1403.00 789.50
518.00 290.50 1402.00 789.50
518.00 290.50 1402.00 789.50
518.00 290.50 1402.00 789.50
517.00 290.50 1403.00 789.50
598.00 290.50 1322.00 789.50
527.00 291.50 1393.00 788.50
517.00 302.00 1403.00 778.00
531.00 290.50 1389.00 789.50
518.00 290.50 1402.00 789.50
520.00 290.50 1400.00 789.50
623.00 290.50 1297.00 789.50
518.00 290.50 1402.00 789.50
518.00 290.50 1402.00 789.50
550.00 290.50 1370.00 789.50
599.00 290.50 1321.00 789.50
519.00 290.50 1401.00 789.50
517.00 290.50 1403.00 789.50
519.00 290.50 1401.00 789.50
517.00 290.50 1403.00 789.50
518.00 290.50 1402.00 789.50
517.00 290.50 1403.00 789.50
541.00 290.50 1379.00 789.50
518.00 290.50 1402.00 789.50
517.00 290.50 1403.00 789.50
517.00 290.50 1403.00 789.50
517.00 290.50 1403.00 789.50
517.00 290.50 1403.00 789.50
517.00 290.50 1403.00 789.50
519.00 290.50 1401.00 789.50
517.00 290.50 1403.00 789.50
517.00 290.50 1403.00 789.50
517.00 293.00 1403.00 787.00
517.00 290.50 1403.00 789.50
544.00 290.50 1376.00 789.50
527.00 290.50 1393.00 789.50
517.00 290.50 1403.00 789.50
518.00 290.50 1402.00 789.50
517.00 296.50 1403.00 783.50
518.00 293.50 1402.00 786.50
517.00 290.50 1403.00 789.50
517.00 315.50 1403.00 764.50
517.00 405.50 1403.00 674.50
517.00 294.50 1403.00 785.50
517.00 342.00 1403.00 738.00
517.00 432.00 1403.00 648.00
517.00 540.00 1403.00 540.00
528.00 465.50 1392.00 614.50
526.00 540.00 1394.00 540.00
548.00 540.00 1372.00 540.00
518.00 540.00 1402.00 540.00
525.00 538.50 1395.00 541.50
528.00 540.00 1392.00 540.00
540.00 540.00 1380.00 540.00
575.00 540.00 1345.00 540.00
518.00 336.00 1402.00 744.00
518.00 356.50 1402.00 723.50
523.00 317.50 1397.00 762.50
662.00 294.50 1258.00 785.50
554.00 292.00 1366.00 788.00
643.00 290.50 1277.00 789.50
527.00 290.50 1393.00 789.50
608.00 290.50 1312.00 789.50
944.00 290.50 976.00 789.50
519.00 290.50 1401.00 789.50
640.00 290.50 1280.00 789.50
519.00 290.50 1401.00 789.50
812.00 290.50 1108.00 789.50
923.50 290.50 996.50 789.50
770.00 290.50 1150.00 789.50
687.00 290.50 1233.00 789.50
569.00 290.50 1351.00 789.50
882.00 290.50 1038.00 789.50
667.00 290.50 1253.00 789.50
587.00 290.50 1333.00 789.50
553.00 290.50 1367.00 789.50
627.00 290.50 1293.00 789.50
519.00 290.50 1401.00 789.50
533.00 311.50 1387.00 768.50
519.00 380.50 1401.00 699.50
578.00 297.50 1342.00 782.50
525.00 297.00 1395.00 783.00
517.00 372.00 1403.00 708.00
517.00 540.00 1403.00 540.00
517.00 523.50 1403.00 556.50
517.00 515.50 1403.00 564.50
517.00 494.00 1403.00 586.00
517.00 408.50 1403.00 671.50
517.00 305.50 1403.00 774.50
517.00 522.50 1403.00 557.50
517.00 296.50 1403.00 783.50
517.00 295.50 1403.00 784.50
517.00 290.50 1403.00 789.50
517.00 290.50 1403.00 789.50
517.00 290.50 1403.00 789.50
517.00 290.50 1403.00 789.50
517.00 290.50 1403.00 789.50
517.00 290.50 1403.00 789.50
517.00 290.50 1403.00 789.50
517.00 290.50 1403.00 789.50
517.00 290.50 1403.00 789.50
517.00 290.50 1403.00 789.50
517.00 290.50 1403.00 789.50
517.00 290.50 1403.00 789.50
517.00 290.50 1403.00 789.50
517.00 290.50 1403.00 789.50
517.00 290.50 1403.00 789.50
517.00 292.50 1403.00 787.50
517.00 293.00 1403.00 787.00
517.00 529.50 1403.00 550.50
517.00 401.50 1403.00 678.50
517.00 312.00 1403.00 768.00
517.00 441.00 1403.00 639.00
518.00 290.50 1402.00 789.50
601.00 290.50 1319.00 789.50
524.00 290.50 1396.00 789.50
647.00 290.50 1273.00 789.50
720.00 290.50 1200.00 789.50
628.00 290.50 1292.00 789.50
633.00 290.50 1287.00 789.50
544.00 290.50 1376.00 789.50
619.00 290.50 1301.00 789.50
718.00 290.50 1202.00 789.50
779.00 290.50 1141.00 789.50
637.00 290.50 1283.00 789.50
924.50 290.50 995.50 789.50
693.00 290.50 1227.00 789.50
623.00 290.50 1297.00 789.50
833.00 290.50 1087.00 789.50
957.00 290.50 963.00 789.50
832.00 290.50 1088.00 789.50
769.00 290.50 1151.00 789.50
932.00 290.50 988.00 789.50
659.00 290.50 1261.00 789.50
854.00 290.50 1066.00 789.50
938.50 290.50 981.50 789.50
917.00 290.50 1003.00 789.50
537.00 290.50 1383.00 789.50
517.00 290.50 1403.00 789.50
