869.00 247.00 308.00 72.00
517.00 291.00 1403.00 789.00
517.00 291.00 1403.00 789.00
519.00 293.00 1401.00 787.00
518.00 291.00 1402.00 789.00
518.00 437.00 1402.00 643.00
522.00 291.00 1398.00 789.00
519.00 540.00 1401.00 540.00
518.00 537.50 1402.00 542.50
517.00 538.50 1403.00 541.50
517.00 540.00 1403.00 540.00
522.00 540.00 1398.00 540.00
530.00 540.00 1390.00 540.00
517.00 540.00 1403.00 540.00
518.00 540.00 1402.00 540.00
517.00 540.00 1403.00 540.00
518.00 540.00 1402.00 540.00
517.00 540.00 1403.00 540.00
517.00 540.00 1403.00 540.00
518.00 509.00 1402.00 571.00
521.00 307.00 1399.00 773.00
519.00 290.50 1401.00 789.50
528.00 290.50 1392.00 789.50
518.00 290.50 1402.00 789.50
575.00 293.00 1345.00 787.00
521.00 540.00 1399.00 540.00
517.00 540.00 1403.00 540.00
517.00 540.00 1403.00 540.00
517.00 540.00 1403.00 540.00
517.00 540.00 1403.00 540.00
517.00 540.00 1403.00 540.00
539.00 540.00 1381.00 540.00
517.00 540.00 1403.00 540.00
518.00 540.00 1402.00 540.00
517.00 540.00 1403.00 540.00
518.00 540.00 1402.00 540.00
517.00 540.00 1403.00 540.00
517.00 540.00 1403.00 540.00
517.00 540.00 1403.00 540.00
517.00 540.00 1403.00 540.00
517.00 540.00 1403.00 540.00
517.00 540.00 1403.00 540.00
517.00 540.00 1403.00 540.00
527.00 540.00 1393.00 540.00
551.00 540.00 1369.00 540.00
597.00 540.00 1323.00 540.00
523.00 540.00 1397.00 540.00
532.00 540.00 1388.00 540.00
518.00 540.00 1402.00 540.00
521.00 540.00 1399.00 540.00
532.00 307.50 1388.00 772.50
518.00 297.50 1402.00 782.50
553.00 290.50 1367.00 789.50
546.00 290.50 1374.00 789.50
529.00 290.50 1391.00 789.50
531.00 290.50 1389.00 789.50
564.00 290.50 1356.00 789.50
600.00 290.50 1320.00 789.50
552.00 290.50 1368.00 789.50
532.00 291.00 1388.00 789.00
541.00 540.00 1379.00 540.00
517.00 540.00 1403.00 540.00
620.00 540.00 1300.00 540.00
767.00 540.00 1153.00 540.00
517.00 540.00 1403.00 540.00
519.00 540.00 1401.00 540.00
559.00 540.00 1361.00 540.00
520.00 540.00 1400.00 540.00
560.00 501.50 1360.00 578.50
519.00 540.00 1401.00 540.00
517.00 540.00 1403.00 540.00
517.00 540.00 1403.00 540.00
522.00 540.00 1398.00 540.00
517.00 540.00 1403.00 540.00
517.00 540.00 1403.00 540.00
517.00 540.00 1403.00 540.00
517.00 540.00 1403.00 540.00
517.00 540.00 1403.00 540.00
543.00 540.00 1377.00 540.00
523.00 444.50 1397.00 635.50
517.00 540.00 1403.00 540.00
520.00 504.50 1400.00 575.50
518.00 311.00 1402.00 769.00
562.00 291.50 1358.00 788.50
542.00 290.50 1378.00 789.50
562.00 290.50 1358.00 789.50
548.00 290.50 1372.00 789.50
648.00 290.50 1272.00 789.50
517.00 300.00 1403.00 780.00
517.00 540.00 1403.00 540.00
518.00 540.00 1402.00 540.00
518.00 540.00 1402.00 540.00
530.00 540.00 1390.00 540.00
573.00 540.00 1347.00 540.00
552.00 540.00 1368.00 540.00
529.00 540.00 1391.00 540.00
542.00 540.00 1378.00 540.00
550.00 540.00 1370.00 540.00
517.00 540.00 1403.00 540.00
889.00 540.00 1031.00 540.00
712.00 410.50 1208.00 669.50
518.00 380.50 1402.00 699.50
622.00 290.50 1298.00 789.50
667.00 290.50 1253.00 789.50
902.00 290.50 1018.00 789.50
655.00 290.50 1265.00 789.50
742.00 290.50 1178.00 789.50
647.00 290.50 1273.00 789.50
669.00 290.50 1251.00 789.50
668.00 290.50 1252.00 789.50
793.00 290.50 1127.00 789.50
717.00 290.50 1203.00 789.50
741.00 290.50 1179.00 789.50
782.00 290.50 1138.00 789.50
656.00 290.50 1264.00 789.50
911.00 290.50 1009.00 789.50
656.00 290.50 1264.00 789.50
626.00 434.00 1294.00 646.00
524.00 540.00 1396.00 540.00
517.00 540.00 1403.00 540.00
520.00 540.00 1400.00 540.00
555.00 540.00 1365.00 540.00
603.00 540.00 1317.00 540.00
522.00 540.00 1398.00 540.00
529.00 540.00 1391.00 540.00
573.00 540.00 1347.00 540.00
519.00 540.00 1401.00 540.00
529.00 540.00 1391.00 540.00
518.00 532.50 1402.00 547.50
517.00 540.00 1403.00 540.00
517.00 540.00 1403.00 540.00
517.00 540.00 1403.00 540.00
566.00 540.00 1354.00 540.00
518.00 540.00 1402.00 540.00
518.00 540.00 1402.00 540.00
547.00 540.00 1373.00 540.00
540.00 540.00 1380.00 540.00
526.00 540.00 1394.00 540.00
603.00 540.00 1317.00 540.00
518.00 540.00 1402.00 540.00
518.00 530.50 1402.00 549.50
517.00 540.00 1403.00 540.00
517.00 466.00 1403.00 614.00
527.00 290.50 1393.00 789.50
518.00 294.50 1402.00 785.50
518.00 367.00 1402.00 713.00
517.00 540.00 1403.00 540.00
521.00 540.00 1399.00 540.00
517.00 540.00 1403.00 540.00
518.00 540.00 1402.00 540.00
652.00 540.00 1268.00 540.00
865.00 540.00 1055.00 540.00
561.00 540.00 1359.00 540.00
520.00 540.00 1400.00 540.00
517.00 540.00 1403.00 540.00
518.00 540.00 1402.00 540.00
517.00 540.00 1403.00 540.00
518.00 540.00 1402.00 540.00
518.00 540.00 1402.00 540.00
531.00 540.00 1389.00 540.00
535.00 540.00 1385.00 540.00
520.00 540.00 1400.00 540.00
638.00 462.50 1282.00 617.50
542.00 518.00 1378.00 562.00
662.00 540.00 1258.00 540.00
919.50 540.00 1000.50 540.00
552.00 540.00 1368.00 540.00
590.00 540.00 1330.00 540.00
959.00 540.00 961.00 540.00
960.00 540.00 960.00 540.00
855.00 540.00 1065.00 540.00
761.00 540.00 1159.00 540.00
949.50 540.00 970.50 540.00
720.00 540.00 1200.00 540.00
535.00 540.00 1385.00 540.00
727.00 540.00 1193.00 540.00
805.00 540.00 1115.00 540.00
847.00 291.50 1073.00 788.50
957.00 290.50 963.00 789.50
773.00 290.50 1147.00 789.50
927.00 290.50 993.00 789.50
852.00 290.50 1068.00 789.50
590.00 292.00 1330.00 788.00
673.00 311.00 1247.00 769.00
666.00 540.00 1254.00 540.00
899.00 540.00 1021.00 540.00
649.00 540.00 1271.00 540.00
818.00 540.00 1102.00 540.00
523.00 540.00 1397.00 540.00
605.00 540.00 1315.00 540.00
521.00 540.00 1399.00 540.00
599.00 540.00 1321.00 540.00
523.00 540.00 1397.00 540.00
518.00 540.00 1402.00 540.00
570.00 540.00 1350.00 540.00
945.00 540.00 975.00 540.00
803.00 290.50 1117.00 789.50
518.00 537.50 1402.00 542.50
537.00 535.50 1383.00 544.50
608.00 295.50 1312.00 784.50
910.50 305.00 1009.50 775.00
851.00 540.00 1069.00 540.00
704.00 540.00 1216.00 540.00
621.00 540.00 1299.00 540.00
560.00 540.00 1360.00 540.00
812.00 498.00 1108.00 582.00
900.00 311.50 1020.00 768.50
780.00 540.00 1140.00 540.00
680.00 539.00 1240.00 541.00
610.00 505.00 1310.00 575.00
545.00 290.50 1375.00 789.50
617.00 290.50 1303.00 789.50
934.50 290.50 985.50 789.50
733.00 290.50 1187.00 789.50
689.00 290.50 1231.00 789.50
701.00 290.50 1219.00 789.50
874.00 290.50 1046.00 789.50
933.00 290.50 987.00 789.50
958.00 290.50 962.00 789.50
930.00 540.00 990.00 540.00
959.00 537.00 961.00 543.00
939.50 540.00 980.50 540.00
693.00 540.00 1227.00 540.00
949.00 299.00 971.00 781.00
925.50 540.00 994.50 540.00
960.00 497.00 960.00 583.00
960.00 294.50 960.00 785.50
960.00 540.00 960.00 540.00
958.00 308.50 962.00 771.50
909.50 540.00 1010.50 540.00
960.00 290.50 960.00 789.50
794.00 324.00 1126.00 756.00
949.00 290.50 971.00 789.50
960.00 339.00 960.00 741.00
957.00 539.50 963.00 540.50
960.00 538.50 960.00 541.50
712.00 436.50 1208.00 643.50
960.00 540.00 960.00 540.00
960.00 540.00 960.00 540.00
922.50 540.00 997.50 540.00
677.00 540.00 1243.00 540.00
693.00 540.00 1227.00 540.00
763.00 540.00 1157.00 540.00
523.00 540.00 1397.00 540.00
884.00 540.00 1036.00 540.00
525.00 540.00 1395.00 540.00
518.00 540.00 1402.00 540.00
658.00 540.00 1262.00 540.00
556.00 540.00 1364.00 540.00
585.00 540.00 1335.00 540.00
652.00 540.00 1268.00 540.00
872.00 540.00 1048.00 540.00
801.00 540.00 1119.00 540.00
542.00 540.00 1378.00 540.00
782.00 301.50 1138.00 778.50
522.00 486.00 1398.00 594.00
596.00 540.00 1324.00 540.00
562.00 540.00 1358.00 540.00
561.00 540.00 1359.00 540.00
646.00 540.00 1274.00 540.00
850.00 540.00 1070.00 540.00
679.00 362.00 1241.00 718.00
896.00 290.50 1024.00 789.50
920.50 540.00 999.50 540.00
523.00 540.00 1397.00 540.00
526.00 540.00 1394.00 540.00
517.00 540.00 1403.00 540.00
536.00 540.00 1384.00 540.00
563.00 540.00 1357.00 540.00
517.00 540.00 1403.00 540.00
573.00 540.00 1347.00 540.00
608.00 443.00 1312.00 637.00
574.00 290.50 1346.00 789.50
796.00 290.50 1124.00 789.50
676.00 303.00 1244.00 777.00
522.00 346.50 1398.00 733.50
519.00 540.00 1401.00 540.00
682.00 330.00 1238.00 750.00
714.00 540.00 1206.00 540.00
574.00 422.00 1346.00 658.00
841.00 540.00 1079.00 540.00
518.00 540.00 1402.00 540.00
537.00 540.00 1383.00 540.00
586.00 540.00 1334.00 540.00
562.00 540.00 1358.00 540.00
600.00 319.00 1320.00 761.00
566.00 451.00 1354.00 629.00
607.00 540.00 1313.00 540.00
939.50 291.00 980.50 789.00
711.00 382.00 1209.00 698.00
702.00 292.50 1218.00 787.50
598.00 293.50 1322.00 786.50
519.00 540.00 1401.00 540.00
630.00 540.00 1290.00 540.00
536.00 540.00 1384.00 540.00
873.00 540.00 1047.00 540.00
523.00 540.00 1397.00 540.00
542.00 537.00 1378.00 543.00
892.00 540.00 1028.00 540.00
532.00 539.50 1388.00 540.50
851.00 293.00 1069.00 787.00
530.00 540.00 1390.00 540.00
659.00 540.00 1261.00 540.00
608.00 540.00 1312.00 540.00
537.00 540.00 1383.00 540.00
740.00 540.00 1180.00 540.00
890.00 334.50 1030.00 745.50
584.00 540.00 1336.00 540.00
526.00 540.00 1394.00 540.00
617.00 540.00 1303.00 540.00
557.00 540.00 1363.00 540.00
519.00 540.00 1401.00 540.00
518.00 540.00 1402.00 540.00
523.00 540.00 1397.00 540.00
599.00 540.00 1321.00 540.00
549.00 540.00 1371.00 540.00
569.00 356.50 1351.00 723.50
519.00 540.00 1401.00 540.00
521.00 540.00 1399.00 540.00
517.00 540.00 1403.00 540.00
517.00 540.00 1403.00 540.00
572.00 540.00 1348.00 540.00
690.00 540.00 1230.00 540.00
550.00 540.00 1370.00 540.00
536.00 540.00 1384.00 540.00
627.00 540.00 1293.00 540.00
530.00 540.00 1390.00 540.00
617.00 540.00 1303.00 540.00
518.00 540.00 1402.00 540.00
528.00 540.00 1392.00 540.00
518.00 540.00 1402.00 540.00
564.00 540.00 1356.00 540.00
551.00 540.00 1369.00 540.00
521.00 540.00 1399.00 540.00
574.00 540.00 1346.00 540.00
543.00 540.00 1377.00 540.00
518.00 540.00 1402.00 540.00
523.00 540.00 1397.00 540.00
563.00 540.00 1357.00 540.00
536.00 540.00 1384.00 540.00
518.00 540.00 1402.00 540.00
521.00 540.00 1399.00 540.00
560.00 540.00 1360.00 540.00
522.00 540.00 1398.00 540.00
518.00 540.00 1402.00 540.00
526.00 540.00 1394.00 540.00
575.00 412.00 1345.00 668.00
548.00 311.00 1372.00 769.00
644.00 290.50 1276.00 789.50
780.00 290.50 1140.00 789.50
701.00 291.50 1219.00 788.50
817.00 540.00 1103.00 540.00
592.00 540.00 1328.00 540.00
518.00 540.00 1402.00 540.00
960.00 540.00 960.00 540.00
520.00 540.00 1400.00 540.00
822.00 540.00 1098.00 540.00
724.00 540.00 1196.00 540.00
518.00 540.00 1402.00 540.00
523.00 540.00 1397.00 540.00
517.00 540.00 1403.00 540.00
517.00 540.00 1403.00 540.00
517.00 540.00 1403.00 540.00
517.00 540.00 1403.00 540.00
517.00 540.00 1403.00 540.00
517.00 540.00 1403.00 540.00
517.00 540.00 1403.00 540.00
684.00 540.00 1236.00 540.00
521.00 540.00 1399.00 540.00
523.00 540.00 1397.00 540.00
517.00 540.00 1403.00 540.00
517.00 540.00 1403.00 540.00
539.00 540.00 1381.00 540.00
605.00 540.00 1315.00 540.00
520.00 540.00 1400.00 540.00
520.00 540.00 1400.00 540.00
533.00 540.00 1387.00 540.00
517.00 540.00 1403.00 540.00
517.00 540.00 1403.00 540.00
527.00 538.00 1393.00 542.00
548.00 292.50 1372.00 787.50
518.00 291.00 1402.00 789.00
672.00 290.50 1248.00 789.50
607.00 290.50 1313.00 789.50
711.00 290.50 1209.00 789.50
770.00 540.00 1150.00 540.00
640.00 540.00 1280.00 540.00
556.00 540.00 1364.00 540.00
529.00 540.00 1391.00 540.00
921.50 540.00 998.50 540.00
547.00 540.00 1373.00 540.00
835.00 540.00 1085.00 540.00
692.00 540.00 1228.00 540.00
949.50 540.00 970.50 540.00
699.00 540.00 1221.00 540.00
587.00 540.00 1333.00 540.00
737.00 540.00 1183.00 540.00
790.00 540.00 1130.00 540.00
766.00 540.00 1154.00 540.00
656.00 540.00 1264.00 540.00
689.00 357.50 1231.00 722.50
607.00 540.00 1313.00 540.00
618.00 540.00 1302.00 540.00
626.00 540.00 1294.00 540.00
768.00 540.00 1152.00 540.00
675.00 540.00 1245.00 540.00
578.00 540.00 1342.00 540.00
536.00 540.00 1384.00 540.00
956.00 540.00 964.00 540.00
895.00 540.00 1025.00 540.00
941.00 540.00 979.00 540.00
543.00 540.00 1377.00 540.00
634.00 540.00 1286.00 540.00
672.00 540.00 1248.00 540.00
621.00 540.00 1299.00 540.00
631.00 540.00 1289.00 540.00
928.00 540.00 992.00 540.00
938.50 540.00 981.50 540.00
960.00 540.00 960.00 540.00
952.50 540.00 967.50 540.00
955.50 540.00 964.50 540.00
913.00 540.00 1007.00 540.00
630.00 540.00 1290.00 540.00
953.50 540.00 966.50 540.00
527.00 540.00 1393.00 540.00
937.50 540.00 982.50 540.00
521.00 540.00 1399.00 540.00
558.00 540.00 1362.00 540.00
667.00 540.00 1253.00 540.00
549.00 540.00 1371.00 540.00
518.00 540.00 1402.00 540.00
517.00 540.00 1403.00 540.00
517.00 540.00 1403.00 540.00
518.00 540.00 1402.00 540.00
517.00 540.00 1403.00 540.00
530.00 540.00 1390.00 540.00
522.00 540.00 1398.00 540.00
575.00 540.00 1345.00 540.00
530.00 540.00 1390.00 540.00
548.00 540.00 1372.00 540.00
533.00 540.00 1387.00 540.00
647.00 540.00 1273.00 540.00
526.00 540.00 1394.00 540.00
706.00 540.00 1214.00 540.00
587.00 540.00 1333.00 540.00
633.00 540.00 1287.00 540.00
570.00 511.00 1350.00 569.00
806.00 308.50 1114.00 771.50
520.00 540.00 1400.00 540.00
676.00 540.00 1244.00 540.00
785.00 540.00 1135.00 540.00
777.00 540.00 1143.00 540.00
532.00 540.00 1388.00 540.00
934.00 540.00 986.00 540.00
639.00 540.00 1281.00 540.00
906.50 540.00 1013.50 540.00
599.00 540.00 1321.00 540.00
857.00 540.00 1063.00 540.00
877.00 540.00 1043.00 540.00
611.00 540.00 1309.00 540.00
573.00 540.00 1347.00 540.00
559.00 540.00 1361.00 540.00
518.00 540.00 1402.00 540.00
571.00 540.00 1349.00 540.00
919.50 540.00 1000.50 540.00
935.50 540.00 984.50 540.00
649.00 540.00 1271.00 540.00
932.00 540.00 988.00 540.00
902.00 540.00 1018.00 540.00
945.00 540.00 975.00 540.00
596.00 540.00 1324.00 540.00
540.00 540.00 1380.00 540.00
598.00 540.00 1322.00 540.00
562.00 292.00 1358.00 788.00
582.00 333.50 1338.00 746.50
532.00 540.00 1388.00 540.00
521.00 540.00 1399.00 540.00
862.00 540.00 1058.00 540.00
682.00 540.00 1238.00 540.00
628.00 540.00 1292.00 540.00
517.00 540.00 1403.00 540.00
518.00 540.00 1402.00 540.00
521.00 540.00 1399.00 540.00
574.00 540.00 1346.00 540.00
520.00 540.00 1400.00 540.00
564.00 540.00 1356.00 540.00
549.00 540.00 1371.00 540.00
521.00 540.00 1399.00 540.00
668.00 540.00 1252.00 540.00
531.00 540.00 1389.00 540.00
539.00 540.00 1381.00 540.00
517.00 540.00 1403.00 540.00
564.00 540.00 1356.00 540.00
780.00 540.00 1140.00 540.00
635.00 540.00 1285.00 540.00
520.00 540.00 1400.00 540.00
646.00 540.00 1274.00 540.00
581.00 540.00 1339.00 540.00
821.00 540.00 1099.00 540.00
548.00 540.00 1372.00 540.00
