970.00 298.00 372.00 401.00
960.00 540.00 960.00 540.00
959.00 339.50 961.00 740.50
959.00 356.50 961.00 723.50
960.00 490.50 960.00 589.50
960.00 528.50 960.00 551.50
960.00 540.00 960.00 540.00
960.00 540.00 960.00 540.00
959.00 540.00 961.00 540.00
960.00 540.00 960.00 540.00
959.00 540.00 961.00 540.00
960.00 540.00 960.00 540.00
960.00 538.50 960.00 541.50
952.50 540.00 967.50 540.00
960.00 350.00 960.00 730.00
959.00 366.50 961.00 713.50
960.00 392.00 960.00 688.00
960.00 296.50 960.00 783.50
958.00 540.00 962.00 540.00
958.00 540.00 962.00 540.00
958.00 540.00 962.00 540.00
959.00 540.00 961.00 540.00
951.50 540.00 968.50 540.00
960.00 540.00 960.00 540.00
960.00 540.00 960.00 540.00
952.50 540.00 967.50 540.00
960.00 540.00 960.00 540.00
959.00 540.00 961.00 540.00
960.00 540.00 960.00 540.00
960.00 540.00 960.00 540.00
957.00 500.00 963.00 580.00
959.00 539.50 961.00 540.50
959.00 529.50 961.00 550.50
959.00 530.00 961.00 550.00
957.00 536.00 963.00 544.00
958.00 538.50 962.00 541.50
959.00 540.00 961.00 540.00
955.50 539.00 964.50 541.00
955.50 540.00 964.50 540.00
956.00 531.00 964.00 549.00
956.00 539.50 964.00 540.50
959.00 491.00 961.00 589.00
959.00 537.00 961.00 543.00
959.00 531.50 961.00 548.50
960.00 539.50 960.00 540.50
959.00 540.00 961.00 540.00
958.00 401.00 962.00 679.00
956.00 534.00 964.00 546.00
956.00 540.00 964.00 540.00
960.00 540.00 960.00 540.00
959.00 540.00 961.00 540.00
960.00 540.00 960.00 540.00
960.00 481.50 960.00 598.50
960.00 540.00 960.00 540.00
960.00 540.00 960.00 540.00
959.00 540.00 961.00 540.00
958.00 540.00 962.00 540.00
960.00 540.00 960.00 540.00
959.00 540.00 961.00 540.00
955.50 529.50 964.50 550.50
959.00 539.50 961.00 540.50
959.00 364.50 961.00 715.50
957.00 315.50 963.00 764.50
959.00 297.50 961.00 782.50
949.00 290.50 971.00 789.50
959.00 344.50 961.00 735.50
960.00 343.00 960.00 737.00
960.00 295.50 960.00 784.50
959.00 432.50 961.00 647.50
960.00 291.00 960.00 789.00
960.00 290.50 960.00 789.50
960.00 299.50 960.00 780.50
958.00 395.50 962.00 684.50
960.00 355.50 960.00 724.50
960.00 293.00 960.00 787.00
960.00 340.50 960.00 739.50
960.00 290.50 960.00 789.50
960.00 290.50 960.00 789.50
960.00 292.50 960.00 787.50
959.00 291.00 961.00 789.00
960.00 291.00 960.00 789.00
955.50 301.00 964.50 779.00
958.00 295.00 962.00 785.00
931.00 290.50 989.00 789.50
959.00 291.50 961.00 788.50
880.00 293.50 1040.00 786.50
912.00 293.00 1008.00 787.00
960.00 290.50 960.00 789.50
942.00 291.50 978.00 788.50
959.00 325.50 961.00 754.50
958.00 428.50 962.00 651.50
907.50 539.50 1012.50 540.50
960.00 317.50 960.00 762.50
956.00 360.00 964.00 720.00
949.00 476.50 971.00 603.50
909.50 534.00 1010.50 546.00
788.00 540.00 1132.00 540.00
636.00 437.00 1284.00 643.00
835.00 388.50 1085.00 691.50
686.00 302.00 1234.00 778.00
609.00 540.00 1311.00 540.00
878.00 540.00 1042.00 540.00
959.00 540.00 961.00 540.00
942.00 540.00 978.00 540.00
959.00 540.00 961.00 540.00
870.00 540.00 1050.00 540.00
742.00 540.00 1178.00 540.00
525.00 389.00 1395.00 691.00
520.00 508.00 1400.00 572.00
657.00 497.00 1263.00 583.00
563.00 298.00 1357.00 782.00
565.00 540.00 1355.00 540.00
665.00 540.00 1255.00 540.00
622.00 540.00 1298.00 540.00
847.00 540.00 1073.00 540.00
807.00 540.00 1113.00 540.00
689.00 540.00 1231.00 540.00
669.00 540.00 1251.00 540.00
547.00 540.00 1373.00 540.00
518.00 540.00 1402.00 540.00
632.00 540.00 1288.00 540.00
519.00 540.00 1401.00 540.00
520.00 540.00 1400.00 540.00
532.00 540.00 1388.00 540.00
529.00 540.00 1391.00 540.00
655.00 540.00 1265.00 540.00
802.00 536.50 1118.00 543.50
637.00 540.00 1283.00 540.00
946.00 540.00 974.00 540.00
766.00 540.00 1154.00 540.00
666.00 540.00 1254.00 540.00
545.00 540.00 1375.00 540.00
526.00 540.00 1394.00 540.00
529.00 540.00 1391.00 540.00
663.00 540.00 1257.00 540.00
563.00 540.00 1357.00 540.00
633.00 540.00 1287.00 540.00
782.00 540.00 1138.00 540.00
558.00 540.00 1362.00 540.00
517.00 540.00 1403.00 540.00
525.00 540.00 1395.00 540.00
533.00 540.00 1387.00 540.00
699.00 540.00 1221.00 540.00
690.00 540.00 1230.00 540.00
703.00 539.50 1217.00 540.50
796.00 540.00 1124.00 540.00
688.00 540.00 1232.00 540.00
607.00 540.00 1313.00 540.00
651.00 539.50 1269.00 540.50
605.00 540.00 1315.00 540.00
521.00 540.00 1399.00 540.00
587.00 540.00 1333.00 540.00
588.00 337.50 1332.00 742.50
733.00 539.00 1187.00 541.00
672.00 536.00 1248.00 544.00
742.00 540.00 1178.00 540.00
633.00 540.00 1287.00 540.00
592.00 540.00 1328.00 540.00
523.00 540.00 1397.00 540.00
793.00 539.00 1127.00 541.00
640.00 540.00 1280.00 540.00
643.00 540.00 1277.00 540.00
624.00 540.00 1296.00 540.00
537.00 540.00 1383.00 540.00
620.00 539.50 1300.00 540.50
666.00 540.00 1254.00 540.00
827.00 540.00 1093.00 540.00
903.00 540.00 1017.00 540.00
772.00 539.50 1148.00 540.50
860.00 540.00 1060.00 540.00
542.00 536.00 1378.00 544.00
844.00 540.00 1076.00 540.00
599.00 453.50 1321.00 626.50
605.00 540.00 1315.00 540.00
710.00 540.00 1210.00 540.00
597.00 540.00 1323.00 540.00
562.00 540.00 1358.00 540.00
556.00 540.00 1364.00 540.00
632.00 540.00 1288.00 540.00
518.00 540.00 1402.00 540.00
551.00 539.50 1369.00 540.50
531.00 540.00 1389.00 540.00
679.00 540.00 1241.00 540.00
544.00 539.50 1376.00 540.50
619.00 540.00 1301.00 540.00
564.00 408.00 1356.00 672.00
643.00 466.50 1277.00 613.50
518.00 538.50 1402.00 541.50
547.00 540.00 1373.00 540.00
661.00 540.00 1259.00 540.00
648.00 540.00 1272.00 540.00
662.00 538.50 1258.00 541.50
596.00 540.00 1324.00 540.00
656.00 540.00 1264.00 540.00
537.00 540.00 1383.00 540.00
546.00 540.00 1374.00 540.00
534.00 538.00 1386.00 542.00
546.00 540.00 1374.00 540.00
517.00 540.00 1403.00 540.00
558.00 494.50 1362.00 585.50
522.00 540.00 1398.00 540.00
592.00 540.00 1328.00 540.00
517.00 540.00 1403.00 540.00
520.00 325.00 1400.00 755.00
517.00 540.00 1403.00 540.00
517.00 531.00 1403.00 549.00
623.00 539.50 1297.00 540.50
539.00 540.00 1381.00 540.00
529.00 540.00 1391.00 540.00
517.00 540.00 1403.00 540.00
525.00 535.50 1395.00 544.50
517.00 540.00 1403.00 540.00
549.00 439.50 1371.00 640.50
517.00 540.00 1403.00 540.00
517.00 399.50 1403.00 680.50
517.00 540.00 1403.00 540.00
517.00 540.00 1403.00 540.00
517.00 540.00 1403.00 540.00
525.00 540.00 1395.00 540.00
518.00 327.50 1402.00 752.50
525.00 537.50 1395.00 542.50
528.00 470.00 1392.00 610.00
553.00 475.50 1367.00 604.50
518.00 530.50 1402.00 549.50
525.00 407.00 1395.00 673.00
562.00 539.50 1358.00 540.50
517.00 539.00 1403.00 541.00
556.00 495.00 1364.00 585.00
517.00 540.00 1403.00 540.00
520.00 540.00 1400.00 540.00
517.00 534.00 1403.00 546.00
523.00 540.00 1397.00 540.00
518.00 539.50 1402.00 540.50
517.00 422.00 1403.00 658.00
518.00 539.50 1402.00 540.50
518.00 529.00 1402.00 551.00
524.00 505.00 1396.00 575.00
603.00 472.50 1317.00 607.50
518.00 523.50 1402.00 556.50
517.00 540.00 1403.00 540.00
517.00 539.50 1403.00 540.50
517.00 539.50 1403.00 540.50
518.00 537.50 1402.00 542.50
517.00 471.50 1403.00 608.50
519.00 539.50 1401.00 540.50
517.00 540.00 1403.00 540.00
517.00 540.00 1403.00 540.00
517.00 540.00 1403.00 540.00
518.00 540.00 1402.00 540.00
520.00 540.00 1400.00 540.00
518.00 540.00 1402.00 540.00
546.00 540.00 1374.00 540.00
681.00 540.00 1239.00 540.00
542.00 531.50 1378.00 548.50
592.00 540.00 1328.00 540.00
517.00 540.00 1403.00 540.00
518.00 540.00 1402.00 540.00
518.00 540.00 1402.00 540.00
518.00 540.00 1402.00 540.00
560.00 526.50 1360.00 553.50
573.00 534.00 1347.00 546.00
534.00 540.00 1386.00 540.00
518.00 540.00 1402.00 540.00
517.00 540.00 1403.00 540.00
517.00 540.00 1403.00 540.00
648.00 540.00 1272.00 540.00
517.00 540.00 1403.00 540.00
517.00 540.00 1403.00 540.00
520.00 533.00 1400.00 547.00
517.00 525.00 1403.00 555.00
517.00 531.00 1403.00 549.00
528.00 538.00 1392.00 542.00
862.00 540.00 1058.00 540.00
819.00 488.50 1101.00 591.50
892.00 539.00 1028.00 541.00
957.00 540.00 963.00 540.00
858.00 539.00 1062.00 541.00
951.50 449.00 968.50 631.00
717.00 540.00 1203.00 540.00
623.00 540.00 1297.00 540.00
520.00 540.00 1400.00 540.00
529.00 540.00 1391.00 540.00
578.00 358.50 1342.00 721.50
637.00 540.00 1283.00 540.00
553.00 540.00 1367.00 540.00
526.00 540.00 1394.00 540.00
518.00 540.00 1402.00 540.00
517.00 540.00 1403.00 540.00
517.00 540.00 1403.00 540.00
517.00 540.00 1403.00 540.00
517.00 540.00 1403.00 540.00
517.00 540.00 1403.00 540.00
517.00 540.00 1403.00 540.00
517.00 540.00 1403.00 540.00
517.00 540.00 1403.00 540.00
517.00 540.00 1403.00 540.00
523.00 540.00 1397.00 540.00
578.00 540.00 1342.00 540.00
519.00 540.00 1401.00 540.00
522.00 540.00 1398.00 540.00
