861.00 429.00 151.00 158.00
648.00 540.00 1272.00 540.00
615.00 291.00 1305.00 789.00
830.00 540.00 1090.00 540.00
615.00 537.00 1305.00 543.00
692.00 540.00 1228.00 540.00
829.00 538.00 1091.00 542.00
778.00 540.00 1142.00 540.00
642.00 540.00 1278.00 540.00
645.00 540.00 1275.00 540.00
646.00 540.00 1274.00 540.00
798.00 540.00 1122.00 540.00
599.00 540.00 1321.00 540.00
578.00 511.50 1342.00 568.50
651.00 465.50 1269.00 614.50
700.00 540.00 1220.00 540.00
712.00 540.00 1208.00 540.00
870.00 457.00 1050.00 623.00
929.00 393.00 991.00 687.00
878.00 421.50 1042.00 658.50
756.00 439.50 1164.00 640.50
732.00 507.50 1188.00 572.50
641.00 538.00 1279.00 542.00
848.00 539.50 1072.00 540.50
658.00 330.50 1262.00 749.50
548.00 329.50 1372.00 750.50
547.00 540.00 1373.00 540.00
592.00 489.50 1328.00 590.50
525.00 538.50 1395.00 541.50
518.00 540.00 1402.00 540.00
530.00 377.50 1390.00 702.50
534.00 384.00 1386.00 696.00
598.00 540.00 1322.00 540.00
647.00 540.00 1273.00 540.00
526.00 540.00 1394.00 540.00
518.00 536.50 1402.00 543.50
534.00 540.00 1386.00 540.00
530.00 540.00 1390.00 540.00
518.00 540.00 1402.00 540.00
528.00 540.00 1392.00 540.00
577.00 540.00 1343.00 540.00
541.00 540.00 1379.00 540.00
634.00 540.00 1286.00 540.00
518.00 540.00 1402.00 540.00
521.00 540.00 1399.00 540.00
518.00 443.50 1402.00 636.50
546.00 540.00 1374.00 540.00
557.00 339.50 1363.00 740.50
552.00 298.50 1368.00 781.50
523.00 378.00 1397.00 702.00
521.00 450.00 1399.00 630.00
534.00 467.00 1386.00 613.00
535.00 540.00 1385.00 540.00
518.00 540.00 1402.00 540.00
518.00 539.50 1402.00 540.50
536.00 540.00 1384.00 540.00
618.00 540.00 1302.00 540.00
682.00 540.00 1238.00 540.00
707.00 540.00 1213.00 540.00
531.00 540.00 1389.00 540.00
521.00 539.50 1399.00 540.50
559.00 539.00 1361.00 541.00
593.00 539.00 1327.00 541.00
518.00 336.50 1402.00 743.50
537.00 540.00 1383.00 540.00
633.00 540.00 1287.00 540.00
521.00 526.00 1399.00 554.00
542.00 442.50 1378.00 637.50
529.00 386.00 1391.00 694.00
541.00 540.00 1379.00 540.00
557.00 539.50 1363.00 540.50
622.00 540.00 1298.00 540.00
524.00 540.00 1396.00 540.00
524.00 540.00 1396.00 540.00
593.00 540.00 1327.00 540.00
535.00 540.00 1385.00 540.00
608.00 311.00 1312.00 769.00
568.00 540.00 1352.00 540.00
517.00 518.50 1403.00 561.50
605.00 472.50 1315.00 607.50
543.00 509.50 1377.00 570.50
534.00 341.00 1386.00 739.00
529.00 540.00 1391.00 540.00
518.00 540.00 1402.00 540.00
556.00 533.50 1364.00 546.50
532.00 528.50 1388.00 551.50
547.00 534.00 1373.00 546.00
606.00 497.50 1314.00 582.50
534.00 511.50 1386.00 568.50
602.00 512.00 1318.00 568.00
517.00 420.50 1403.00 659.50
518.00 405.50 1402.00 674.50
557.00 295.50 1363.00 784.50
542.00 333.00 1378.00 747.00
578.00 291.50 1342.00 788.50
543.00 334.50 1377.00 745.50
543.00 540.00 1377.00 540.00
532.00 343.50 1388.00 736.50
610.00 537.50 1310.00 542.50
517.00 524.00 1403.00 556.00
525.00 305.00 1395.00 775.00
521.00 536.00 1399.00 544.00
545.00 330.50 1375.00 749.50
751.00 539.50 1169.00 540.50
703.00 540.00 1217.00 540.00
576.00 292.00 1344.00 788.00
635.00 376.00 1285.00 704.00
578.00 492.00 1342.00 588.00
581.00 292.50 1339.00 787.50
615.00 508.00 1305.00 572.00
593.00 540.00 1327.00 540.00
587.00 515.50 1333.00 564.50
596.00 529.50 1324.00 550.50
583.00 449.50 1337.00 630.50
532.00 539.50 1388.00 540.50
572.00 425.50 1348.00 654.50
517.00 540.00 1403.00 540.00
605.00 538.00 1315.00 542.00
518.00 540.00 1402.00 540.00
521.00 328.00 1399.00 752.00
621.00 520.00 1299.00 560.00
597.00 539.50 1323.00 540.50
519.00 326.50 1401.00 753.50
519.00 536.50 1401.00 543.50
525.00 540.00 1395.00 540.00
520.00 539.50 1400.00 540.50
596.00 540.00 1324.00 540.00
517.00 540.00 1403.00 540.00
533.00 499.50 1387.00 580.50
538.00 402.00 1382.00 678.00
518.00 540.00 1402.00 540.00
517.00 540.00 1403.00 540.00
522.00 528.00 1398.00 552.00
518.00 470.00 1402.00 610.00
557.00 523.50 1363.00 556.50
518.00 512.00 1402.00 568.00
539.00 333.50 1381.00 746.50
555.00 382.50 1365.00 697.50
520.00 309.50 1400.00 770.50
526.00 539.00 1394.00 541.00
546.00 511.50 1374.00 568.50
517.00 465.50 1403.00 614.50
517.00 539.50 1403.00 540.50
522.00 540.00 1398.00 540.00
522.00 496.00 1398.00 584.00
605.00 540.00 1315.00 540.00
519.00 540.00 1401.00 540.00
554.00 539.50 1366.00 540.50
518.00 502.50 1402.00 577.50
529.00 540.00 1391.00 540.00
617.00 540.00 1303.00 540.00
532.00 540.00 1388.00 540.00
595.00 473.00 1325.00 607.00
524.00 364.00 1396.00 716.00
517.00 387.50 1403.00 692.50
517.00 540.00 1403.00 540.00
517.00 540.00 1403.00 540.00
517.00 540.00 1403.00 540.00
517.00 540.00 1403.00 540.00
519.00 540.00 1401.00 540.00
629.00 540.00 1291.00 540.00
526.00 540.00 1394.00 540.00
550.00 367.50 1370.00 712.50
517.00 540.00 1403.00 540.00
586.00 540.00 1334.00 540.00
518.00 540.00 1402.00 540.00
530.00 540.00 1390.00 540.00
520.00 540.00 1400.00 540.00
562.00 540.00 1358.00 540.00
520.00 540.00 1400.00 540.00
545.00 540.00 1375.00 540.00
559.00 540.00 1361.00 540.00
535.00 540.00 1385.00 540.00
567.00 531.50 1353.00 548.50
624.00 540.00 1296.00 540.00
578.00 540.00 1342.00 540.00
627.00 540.00 1293.00 540.00
542.00 523.50 1378.00 556.50
622.00 540.00 1298.00 540.00
569.00 540.00 1351.00 540.00
535.00 540.00 1385.00 540.00
550.00 540.00 1370.00 540.00
566.00 540.00 1354.00 540.00
554.00 540.00 1366.00 540.00
677.00 540.00 1243.00 540.00
637.00 540.00 1283.00 540.00
523.00 540.00 1397.00 540.00
606.00 540.00 1314.00 540.00
534.00 540.00 1386.00 540.00
518.00 540.00 1402.00 540.00
573.00 540.00 1347.00 540.00
517.00 540.00 1403.00 540.00
518.00 540.00 1402.00 540.00
518.00 540.00 1402.00 540.00
518.00 540.00 1402.00 540.00
548.00 540.00 1372.00 540.00
525.00 540.00 1395.00 540.00
530.00 540.00 1390.00 540.00
517.00 540.00 1403.00 540.00
518.00 534.00 1402.00 546.00
616.00 539.50 1304.00 540.50
611.00 539.00 1309.00 541.00
555.00 476.00 1365.00 604.00
570.00 540.00 1350.00 540.00
705.00 512.00 1215.00 568.00
545.00 537.00 1375.00 543.00
524.00 540.00 1396.00 540.00
522.00 540.00 1398.00 540.00
518.00 540.00 1402.00 540.00
518.00 540.00 1402.00 540.00
517.00 540.00 1403.00 540.00
518.00 540.00 1402.00 540.00
544.00 539.50 1376.00 540.50
518.00 540.00 1402.00 540.00
518.00 537.00 1402.00 543.00
545.00 540.00 1375.00 540.00
532.00 521.00 1388.00 559.00
603.00 537.50 1317.00 542.50
542.00 527.50 1378.00 552.50
806.00 540.00 1114.00 540.00
517.00 493.50 1403.00 586.50
519.00 539.00 1401.00 541.00
610.00 311.00 1310.00 769.00
527.00 402.50 1393.00 677.50
682.00 540.00 1238.00 540.00
534.00 537.00 1386.00 543.00
523.00 539.50 1397.00 540.50
529.00 539.50 1391.00 540.50
557.00 540.00 1363.00 540.00
518.00 540.00 1402.00 540.00
540.00 540.00 1380.00 540.00
639.00 514.50 1281.00 565.50
604.00 523.00 1316.00 557.00
524.00 540.00 1396.00 540.00
575.00 540.00 1345.00 540.00
638.00 300.50 1282.00 779.50
602.00 540.00 1318.00 540.00
649.00 540.00 1271.00 540.00
611.00 460.50 1309.00 619.50
707.00 538.50 1213.00 541.50
559.00 446.50 1361.00 633.50
661.00 540.00 1259.00 540.00
635.00 540.00 1285.00 540.00
535.00 540.00 1385.00 540.00
576.00 540.00 1344.00 540.00
608.00 540.00 1312.00 540.00
519.00 528.50 1401.00 551.50
579.00 540.00 1341.00 540.00
517.00 540.00 1403.00 540.00
608.00 345.00 1312.00 735.00
517.00 540.00 1403.00 540.00
517.00 540.00 1403.00 540.00
517.00 540.00 1403.00 540.00
598.00 540.00 1322.00 540.00
564.00 540.00 1356.00 540.00
548.00 540.00 1372.00 540.00
573.00 497.50 1347.00 582.50
740.00 540.00 1180.00 540.00
721.00 540.00 1199.00 540.00
577.00 540.00 1343.00 540.00
650.00 540.00 1270.00 540.00
657.00 540.00 1263.00 540.00
523.00 540.00 1397.00 540.00
552.00 540.00 1368.00 540.00
542.00 540.00 1378.00 540.00
606.00 524.50 1314.00 555.50
580.00 540.00 1340.00 540.00
519.00 539.50 1401.00 540.50
544.00 302.00 1376.00 778.00
565.00 540.00 1355.00 540.00
522.00 537.50 1398.00 542.50
530.00 540.00 1390.00 540.00
522.00 540.00 1398.00 540.00
518.00 540.00 1402.00 540.00
553.00 540.00 1367.00 540.00
529.00 540.00 1391.00 540.00
589.00 540.00 1331.00 540.00
520.00 540.00 1400.00 540.00
517.00 540.00 1403.00 540.00
518.00 540.00 1402.00 540.00
517.00 540.00 1403.00 540.00
523.00 540.00 1397.00 540.00
535.00 540.00 1385.00 540.00
517.00 540.00 1403.00 540.00
517.00 540.00 1403.00 540.00
517.00 540.00 1403.00 540.00
517.00 540.00 1403.00 540.00
517.00 540.00 1403.00 540.00
517.00 540.00 1403.00 540.00
517.00 540.00 1403.00 540.00
517.00 540.00 1403.00 540.00
547.00 540.00 1373.00 540.00
556.00 536.50 1364.00 543.50
521.00 540.00 1399.00 540.00
547.00 540.00 1373.00 540.00
532.00 540.00 1388.00 540.00
522.00 540.00 1398.00 540.00
517.00 540.00 1403.00 540.00
518.00 540.00 1402.00 540.00
523.00 540.00 1397.00 540.00
