559.00 597.00 402.00 384.00
949.00 540.00 971.00 540.00
957.00 540.00 963.00 540.00
954.50 540.00 965.50 540.00
959.00 540.00 961.00 540.00
957.00 540.00 963.00 540.00
959.00 540.00 961.00 540.00
958.00 540.00 962.00 540.00
915.00 488.00 1005.00 592.00
952.50 540.00 967.50 540.00
959.00 540.00 961.00 540.00
960.00 540.00 960.00 540.00
952.50 540.00 967.50 540.00
954.50 540.00 965.50 540.00
923.50 540.00 996.50 540.00
959.00 540.00 961.00 540.00
936.50 539.00 983.50 541.00
959.00 540.00 961.00 540.00
958.00 540.00 962.00 540.00
958.00 540.00 962.00 540.00
954.50 540.00 965.50 540.00
954.50 540.00 965.50 540.00
947.00 540.00 973.00 540.00
807.00 540.00 1113.00 540.00
952.50 540.00 967.50 540.00
955.50 540.00 964.50 540.00
878.00 540.00 1042.00 540.00
959.00 540.00 961.00 540.00
860.00 540.00 1060.00 540.00
959.00 540.00 961.00 540.00
837.00 540.00 1083.00 540.00
954.50 511.00 965.50 569.00
941.00 417.50 979.00 662.50
959.00 291.00 961.00 789.00
930.00 331.50 990.00 748.50
819.00 399.50 1101.00 680.50
801.00 368.50 1119.00 711.50
759.00 434.00 1161.00 646.00
949.00 295.50 971.00 784.50
946.00 397.50 974.00 682.50
908.50 540.00 1011.50 540.00
956.00 290.50 964.00 789.50
960.00 290.50 960.00 789.50
874.00 295.00 1046.00 785.00
956.00 290.50 964.00 789.50
929.00 290.50 991.00 789.50
960.00 290.50 960.00 789.50
960.00 290.50 960.00 789.50
937.50 298.00 982.50 782.00
879.00 479.00 1041.00 601.00
862.00 503.50 1058.00 576.50
949.50 290.50 970.50 789.50
956.00 290.50 964.00 789.50
959.00 357.50 961.00 722.50
960.00 290.50 960.00 789.50
959.00 290.50 961.00 789.50
947.00 540.00 973.00 540.00
897.00 296.00 1023.00 784.00
911.00 293.00 1009.00 787.00
958.00 290.50 962.00 789.50
958.00 290.50 962.00 789.50
843.00 540.00 1077.00 540.00
956.00 533.50 964.00 546.50
918.00 298.00 1002.00 782.00
849.00 306.00 1071.00 774.00
955.50 537.00 964.50 543.00
951.50 327.50 968.50 752.50
908.50 291.50 1011.50 788.50
857.00 539.50 1063.00 540.50
754.00 395.50 1166.00 684.50
951.50 290.50 968.50 789.50
954.50 292.00 965.50 788.00
960.00 290.50 960.00 789.50
952.50 413.50 967.50 666.50
946.00 294.50 974.00 785.50
950.50 432.50 969.50 647.50
960.00 290.50 960.00 789.50
956.00 292.50 964.00 787.50
950.50 363.50 969.50 716.50
959.00 326.00 961.00 754.00
957.00 463.00 963.00 617.00
956.00 297.50 964.00 782.50
960.00 290.50 960.00 789.50
956.00 345.50 964.00 734.50
915.00 504.00 1005.00 576.00
946.00 539.50 974.00 540.50
958.00 434.00 962.00 646.00
913.00 540.00 1007.00 540.00
956.00 481.50 964.00 598.50
912.00 531.00 1008.00 549.00
914.00 372.00 1006.00 708.00
909.50 307.00 1010.50 773.00
859.00 329.50 1061.00 750.50
893.00 376.00 1027.00 704.00
910.50 540.00 1009.50 540.00
842.00 540.00 1078.00 540.00
858.00 291.00 1062.00 789.00
930.00 291.00 990.00 789.00
747.00 540.00 1173.00 540.00
734.00 540.00 1186.00 540.00
934.00 540.00 986.00 540.00
668.00 540.00 1252.00 540.00
858.00 490.50 1062.00 589.50
912.00 290.50 1008.00 789.50
914.00 333.00 1006.00 747.00
909.50 290.50 1010.50 789.50
959.00 290.50 961.00 789.50
954.50 290.50 965.50 789.50
958.00 290.50 962.00 789.50
558.00 540.00 1362.00 540.00
957.00 295.00 963.00 785.00
956.00 347.50 964.00 732.50
952.50 291.00 967.50 789.00
960.00 290.50 960.00 789.50
958.00 291.00 962.00 789.00
959.00 290.50 961.00 789.50
936.50 540.00 983.50 540.00
933.00 540.00 987.00 540.00
856.00 540.00 1064.00 540.00
934.00 540.00 986.00 540.00
895.00 437.00 1025.00 643.00
940.50 540.00 979.50 540.00
956.00 540.00 964.00 540.00
959.00 312.50 961.00 767.50
827.00 523.00 1093.00 557.00
901.00 374.50 1019.00 705.50
788.00 456.00 1132.00 624.00
901.00 474.00 1019.00 606.00
867.00 293.00 1053.00 787.00
830.00 540.00 1090.00 540.00
574.00 540.00 1346.00 540.00
758.00 299.00 1162.00 781.00
593.00 290.50 1327.00 789.50
622.00 290.50 1298.00 789.50
529.00 290.50 1391.00 789.50
517.00 470.00 1403.00 610.00
517.00 290.50 1403.00 789.50
517.00 290.50 1403.00 789.50
520.00 518.50 1400.00 561.50
527.00 290.50 1393.00 789.50
824.00 290.50 1096.00 789.50
800.00 314.50 1120.00 765.50
690.00 290.50 1230.00 789.50
835.00 290.50 1085.00 789.50
559.00 290.50 1361.00 789.50
540.00 290.50 1380.00 789.50
683.00 290.50 1237.00 789.50
541.00 291.00 1379.00 789.00
524.00 290.50 1396.00 789.50
556.00 461.00 1364.00 619.00
575.00 483.50 1345.00 596.50
542.00 403.00 1378.00 677.00
567.00 322.50 1353.00 757.50
590.00 540.00 1330.00 540.00
706.00 293.50 1214.00 786.50
710.00 290.50 1210.00 789.50
684.00 290.50 1236.00 789.50
679.00 290.50 1241.00 789.50
786.00 290.50 1134.00 789.50
816.00 421.00 1104.00 659.00
916.00 540.00 1004.00 540.00
903.00 540.00 1017.00 540.00
915.00 290.50 1005.00 789.50
717.00 482.00 1203.00 598.00
517.00 540.00 1403.00 540.00
553.00 290.50 1367.00 789.50
517.00 302.00 1403.00 778.00
517.00 538.50 1403.00 541.50
517.00 317.00 1403.00 763.00
517.00 292.50 1403.00 787.50
517.00 434.50 1403.00 645.50
518.00 292.50 1402.00 787.50
517.00 418.50 1403.00 661.50
518.00 475.00 1402.00 605.00
518.00 291.50 1402.00 788.50
517.00 528.00 1403.00 552.00
517.00 540.00 1403.00 540.00
517.00 540.00 1403.00 540.00
517.00 292.00 1403.00 788.00
573.00 290.50 1347.00 789.50
528.00 291.50 1392.00 788.50
638.00 290.50 1282.00 789.50
875.00 300.50 1045.00 779.50
881.00 290.50 1039.00 789.50
903.00 290.50 1017.00 789.50
838.00 456.00 1082.00 624.00
945.00 438.00 975.00 642.00
742.00 539.50 1178.00 540.50
956.00 290.50 964.00 789.50
955.50 290.50 964.50 789.50
956.00 290.50 964.00 789.50
950.50 291.00 969.50 789.00
959.00 444.00 961.00 636.00
958.00 290.50 962.00 789.50
942.00 350.50 978.00 729.50
886.00 461.50 1034.00 618.50
912.00 322.00 1008.00 758.00
956.00 468.50 964.00 611.50
957.00 290.50 963.00 789.50
860.00 290.50 1060.00 789.50
907.50 290.50 1012.50 789.50
949.00 290.50 971.00 789.50
918.00 290.50 1002.00 789.50
691.00 290.50 1229.00 789.50
650.00 290.50 1270.00 789.50
548.00 290.50 1372.00 789.50
518.00 538.00 1402.00 542.00
533.00 474.50 1387.00 605.50
560.00 538.00 1360.00 542.00
678.00 293.00 1242.00 787.00
614.00 300.00 1306.00 780.00
749.00 382.00 1171.00 698.00
957.00 540.00 963.00 540.00
957.00 290.50 963.00 789.50
955.50 290.50 964.50 789.50
956.00 314.50 964.00 765.50
960.00 290.50 960.00 789.50
950.50 512.00 969.50 568.00
884.00 537.50 1036.00 542.50
952.50 516.50 967.50 563.50
958.00 539.00 962.00 541.00
943.00 510.50 977.00 569.50
871.00 540.00 1049.00 540.00
955.50 536.50 964.50 543.50
960.00 439.00 960.00 641.00
959.00 536.50 961.00 543.50
960.00 535.50 960.00 544.50
959.00 540.00 961.00 540.00
948.00 540.00 972.00 540.00
899.00 540.00 1021.00 540.00
951.50 540.00 968.50 540.00
921.50 540.00 998.50 540.00
916.00 540.00 1004.00 540.00
954.50 540.00 965.50 540.00
953.50 535.50 966.50 544.50
954.50 397.50 965.50 682.50
939.50 539.00 980.50 541.00
940.50 534.50 979.50 545.50
709.00 518.50 1211.00 561.50
835.00 540.00 1085.00 540.00
949.50 290.50 970.50 789.50
677.00 290.50 1243.00 789.50
801.00 340.00 1119.00 740.00
706.00 316.50 1214.00 763.50
788.00 295.00 1132.00 785.00
804.00 290.50 1116.00 789.50
521.00 540.00 1399.00 540.00
625.00 539.50 1295.00 540.50
789.00 306.00 1131.00 774.00
889.00 538.00 1031.00 542.00
548.00 540.00 1372.00 540.00
753.00 538.50 1167.00 541.50
623.00 539.50 1297.00 540.50
872.00 540.00 1048.00 540.00
882.00 540.00 1038.00 540.00
955.50 540.00 964.50 540.00
910.50 540.00 1009.50 540.00
921.50 540.00 998.50 540.00
753.00 540.00 1167.00 540.00
723.00 540.00 1197.00 540.00
934.00 540.00 986.00 540.00
900.00 290.50 1020.00 789.50
947.00 539.50 973.00 540.50
786.00 540.00 1134.00 540.00
875.00 540.00 1045.00 540.00
901.00 540.00 1019.00 540.00
938.50 456.00 981.50 624.00
752.00 348.50 1168.00 731.50
928.00 524.50 992.00 555.50
952.50 540.00 967.50 540.00
944.00 540.00 976.00 540.00
958.00 540.00 962.00 540.00
902.00 540.00 1018.00 540.00
938.50 540.00 981.50 540.00
960.00 540.00 960.00 540.00
935.50 540.00 984.50 540.00
959.00 540.00 961.00 540.00
953.50 540.00 966.50 540.00
931.00 540.00 989.00 540.00
946.00 540.00 974.00 540.00
949.50 293.50 970.50 786.50
939.50 290.50 980.50 789.50
955.50 290.50 964.50 789.50
834.00 540.00 1086.00 540.00
836.00 316.00 1084.00 764.00
849.00 290.50 1071.00 789.50
776.00 377.50 1144.00 702.50
956.00 291.50 964.00 788.50
960.00 290.50 960.00 789.50
637.00 291.50 1283.00 788.50
878.00 290.50 1042.00 789.50
956.00 290.50 964.00 789.50
953.50 326.00 966.50 754.00
868.00 464.00 1052.00 616.00
892.00 511.50 1028.00 568.50
794.00 538.00 1126.00 542.00
800.00 535.50 1120.00 544.50
711.00 539.00 1209.00 541.00
790.00 403.00 1130.00 677.00
911.00 290.50 1009.00 789.50
