923.00 724.00 87.00 102.00
520.00 540.00 1400.00 540.00
517.00 540.00 1403.00 540.00
520.00 540.00 1400.00 540.00
519.00 540.00 1401.00 540.00
518.00 540.00 1402.00 540.00
517.00 540.00 1403.00 540.00
518.00 540.00 1402.00 540.00
517.00 540.00 1403.00 540.00
520.00 540.00 1400.00 540.00
517.00 540.00 1403.00 540.00
517.00 540.00 1403.00 540.00
517.00 540.00 1403.00 540.00
517.00 540.00 1403.00 540.00
518.00 540.00 1402.00 540.00
518.00 540.00 1402.00 540.00
517.00 540.00 1403.00 540.00
517.00 540.00 1403.00 540.00
517.00 540.00 1403.00 540.00
517.00 540.00 1403.00 540.00
517.00 540.00 1403.00 540.00
517.00 540.00 1403.00 540.00
517.00 540.00 1403.00 540.00
933.00 540.00 987.00 540.00
517.00 540.00 1403.00 540.00
530.00 540.00 1390.00 540.00
517.00 540.00 1403.00 540.00
518.00 540.00 1402.00 540.00
528.00 540.00 1392.00 540.00
517.00 540.00 1403.00 540.00
741.00 540.00 1179.00 540.00
593.00 540.00 1327.00 540.00
517.00 540.00 1403.00 540.00
520.00 540.00 1400.00 540.00
517.00 540.00 1403.00 540.00
517.00 540.00 1403.00 540.00
517.00 540.00 1403.00 540.00
518.00 540.00 1402.00 540.00
517.00 540.00 1403.00 540.00
517.00 540.00 1403.00 540.00
517.00 540.00 1403.00 540.00
517.00 540.00 1403.00 540.00
517.00 540.00 1403.00 540.00
517.00 540.00 1403.00 540.00
517.00 540.00 1403.00 540.00
517.00 540.00 1403.00 540.00
519.00 540.00 1401.00 540.00
517.00 540.00 1403.00 540.00
517.00 540.00 1403.00 540.00
517.00 540.00 1403.00 540.00
517.00 540.00 1403.00 540.00
517.00 540.00 1403.00 540.00
517.00 540.00 1403.00 540.00
517.00 540.00 1403.00 540.00
517.00 540.00 1403.00 540.00
517.00 540.00 1403.00 540.00
634.00 540.00 1286.00 540.00
520.00 540.00 1400.00 540.00
518.00 540.00 1402.00 540.00
546.00 540.00 1374.00 540.00
556.00 540.00 1364.00 540.00
586.00 540.00 1334.00 540.00
569.00 540.00 1351.00 540.00
539.00 540.00 1381.00 540.00
559.00 540.00 1361.00 540.00
541.00 540.00 1379.00 540.00
548.00 540.00 1372.00 540.00
947.00 540.00 973.00 540.00
696.00 540.00 1224.00 540.00
949.00 540.00 971.00 540.00
957.00 540.00 963.00 540.00
955.50 540.00 964.50 540.00
537.00 540.00 1383.00 540.00
735.00 540.00 1185.00 540.00
923.50 540.00 996.50 540.00
525.00 540.00 1395.00 540.00
519.00 540.00 1401.00 540.00
666.00 540.00 1254.00 540.00
607.00 540.00 1313.00 540.00
813.00 540.00 1107.00 540.00
717.00 540.00 1203.00 540.00
638.00 540.00 1282.00 540.00
636.00 540.00 1284.00 540.00
886.00 540.00 1034.00 540.00
576.00 540.00 1344.00 540.00
791.00 540.00 1129.00 540.00
652.00 540.00 1268.00 540.00
825.00 540.00 1095.00 540.00
551.00 540.00 1369.00 540.00
741.00 540.00 1179.00 540.00
552.00 540.00 1368.00 540.00
543.00 540.00 1377.00 540.00
529.00 540.00 1391.00 540.00
944.00 540.00 976.00 540.00
619.00 540.00 1301.00 540.00
954.50 540.00 965.50 540.00
881.00 540.00 1039.00 540.00
732.00 540.00 1188.00 540.00
846.00 540.00 1074.00 540.00
733.00 540.00 1187.00 540.00
854.00 540.00 1066.00 540.00
914.00 540.00 1006.00 540.00
902.00 540.00 1018.00 540.00
914.00 540.00 1006.00 540.00
793.00 540.00 1127.00 540.00
931.00 540.00 989.00 540.00
605.00 540.00 1315.00 540.00
958.00 540.00 962.00 540.00
576.00 540.00 1344.00 540.00
919.00 540.00 1001.00 540.00
762.00 540.00 1158.00 540.00
941.00 540.00 979.00 540.00
701.00 540.00 1219.00 540.00
933.00 540.00 987.00 540.00
772.00 540.00 1148.00 540.00
954.50 540.00 965.50 540.00
811.00 540.00 1109.00 540.00
551.00 540.00 1369.00 540.00
857.00 540.00 1063.00 540.00
769.00 540.00 1151.00 540.00
658.00 540.00 1262.00 540.00
902.00 540.00 1018.00 540.00
946.00 540.00 974.00 540.00
949.00 540.00 971.00 540.00
919.00 540.00 1001.00 540.00
684.00 540.00 1236.00 540.00
789.00 540.00 1131.00 540.00
899.00 540.00 1021.00 540.00
895.00 540.00 1025.00 540.00
906.50 540.00 1013.50 540.00
901.00 540.00 1019.00 540.00
535.00 540.00 1385.00 540.00
545.00 540.00 1375.00 540.00
517.00 540.00 1403.00 540.00
517.00 540.00 1403.00 540.00
517.00 540.00 1403.00 540.00
518.00 540.00 1402.00 540.00
518.00 540.00 1402.00 540.00
517.00 540.00 1403.00 540.00
517.00 540.00 1403.00 540.00
517.00 540.00 1403.00 540.00
518.00 540.00 1402.00 540.00
517.00 540.00 1403.00 540.00
517.00 540.00 1403.00 540.00
517.00 540.00 1403.00 540.00
517.00 540.00 1403.00 540.00
517.00 540.00 1403.00 540.00
517.00 540.00 1403.00 540.00
517.00 540.00 1403.00 540.00
517.00 540.00 1403.00 540.00
517.00 540.00 1403.00 540.00
517.00 540.00 1403.00 540.00
517.00 540.00 1403.00 540.00
517.00 540.00 1403.00 540.00
517.00 540.00 1403.00 540.00
517.00 540.00 1403.00 540.00
517.00 540.00 1403.00 540.00
517.00 540.00 1403.00 540.00
517.00 540.00 1403.00 540.00
517.00 540.00 1403.00 540.00
517.00 540.00 1403.00 540.00
517.00 540.00 1403.00 540.00
517.00 540.00 1403.00 540.00
517.00 540.00 1403.00 540.00
517.00 540.00 1403.00 540.00
517.00 540.00 1403.00 540.00
517.00 540.00 1403.00 540.00
517.00 540.00 1403.00 540.00
517.00 540.00 1403.00 540.00
517.00 540.00 1403.00 540.00
517.00 540.00 1403.00 540.00
517.00 540.00 1403.00 540.00
517.00 540.00 1403.00 540.00
517.00 540.00 1403.00 540.00
517.00 540.00 1403.00 540.00
517.00 540.00 1403.00 540.00
517.00 540.00 1403.00 540.00
517.00 540.00 1403.00 540.00
518.00 540.00 1402.00 540.00
517.00 540.00 1403.00 540.00
517.00 540.00 1403.00 540.00
517.00 540.00 1403.00 540.00
517.00 540.00 1403.00 540.00
517.00 540.00 1403.00 540.00
517.00 540.00 1403.00 540.00
517.00 540.00 1403.00 540.00
517.00 540.00 1403.00 540.00
517.00 540.00 1403.00 540.00
517.00 540.00 1403.00 540.00
517.00 540.00 1403.00 540.00
517.00 540.00 1403.00 540.00
517.00 540.00 1403.00 540.00
517.00 540.00 1403.00 540.00
517.00 540.00 1403.00 540.00
517.00 540.00 1403.00 540.00
517.00 540.00 1403.00 540.00
517.00 540.00 1403.00 540.00
517.00 540.00 1403.00 540.00
539.00 540.00 1381.00 540.00
517.00 540.00 1403.00 540.00
522.00 540.00 1398.00 540.00
524.00 540.00 1396.00 540.00
517.00 540.00 1403.00 540.00
517.00 540.00 1403.00 540.00
517.00 540.00 1403.00 540.00
517.00 540.00 1403.00 540.00
517.00 540.00 1403.00 540.00
517.00 540.00 1403.00 540.00
517.00 540.00 1403.00 540.00
517.00 540.00 1403.00 540.00
517.00 540.00 1403.00 540.00
517.00 540.00 1403.00 540.00
517.00 540.00 1403.00 540.00
517.00 540.00 1403.00 540.00
517.00 540.00 1403.00 540.00
517.00 540.00 1403.00 540.00
517.00 540.00 1403.00 540.00
517.00 540.00 1403.00 540.00
517.00 540.00 1403.00 540.00
518.00 540.00 1402.00 540.00
517.00 540.00 1403.00 540.00
517.00 540.00 1403.00 540.00
518.00 540.00 1402.00 540.00
517.00 540.00 1403.00 540.00
517.00 540.00 1403.00 540.00
519.00 540.00 1401.00 540.00
522.00 540.00 1398.00 540.00
562.00 540.00 1358.00 540.00
582.00 540.00 1338.00 540.00
542.00 540.00 1378.00 540.00
572.00 540.00 1348.00 540.00
544.00 540.00 1376.00 540.00
624.00 540.00 1296.00 540.00
560.00 540.00 1360.00 540.00
750.00 540.00 1170.00 540.00
625.00 540.00 1295.00 540.00
546.00 540.00 1374.00 540.00
572.00 540.00 1348.00 540.00
569.00 540.00 1351.00 540.00
517.00 540.00 1403.00 540.00
517.00 540.00 1403.00 540.00
517.00 540.00 1403.00 540.00
518.00 540.00 1402.00 540.00
517.00 540.00 1403.00 540.00
517.00 540.00 1403.00 540.00
518.00 540.00 1402.00 540.00
517.00 540.00 1403.00 540.00
532.00 540.00 1388.00 540.00
517.00 540.00 1403.00 540.00
517.00 540.00 1403.00 540.00
532.00 540.00 1388.00 540.00
518.00 540.00 1402.00 540.00
574.00 540.00 1346.00 540.00
793.00 540.00 1127.00 540.00
571.00 540.00 1349.00 540.00
702.00 540.00 1218.00 540.00
545.00 540.00 1375.00 540.00
569.00 540.00 1351.00 540.00
531.00 540.00 1389.00 540.00
517.00 540.00 1403.00 540.00
523.00 540.00 1397.00 540.00
520.00 540.00 1400.00 540.00
517.00 540.00 1403.00 540.00
517.00 540.00 1403.00 540.00
523.00 540.00 1397.00 540.00
517.00 540.00 1403.00 540.00
518.00 540.00 1402.00 540.00
520.00 540.00 1400.00 540.00
527.00 540.00 1393.00 540.00
531.00 540.00 1389.00 540.00
524.00 540.00 1396.00 540.00
525.00 540.00 1395.00 540.00
566.00 540.00 1354.00 540.00
878.00 540.00 1042.00 540.00
927.00 540.00 993.00 540.00
550.00 540.00 1370.00 540.00
853.00 540.00 1067.00 540.00
713.00 540.00 1207.00 540.00
601.00 540.00 1319.00 540.00
661.00 540.00 1259.00 540.00
521.00 540.00 1399.00 540.00
518.00 540.00 1402.00 540.00
518.00 540.00 1402.00 540.00
517.00 540.00 1403.00 540.00
517.00 540.00 1403.00 540.00
518.00 540.00 1402.00 540.00
517.00 540.00 1403.00 540.00
517.00 540.00 1403.00 540.00
517.00 540.00 1403.00 540.00
517.00 540.00 1403.00 540.00
517.00 540.00 1403.00 540.00
517.00 540.00 1403.00 540.00
517.00 540.00 1403.00 540.00
517.00 540.00 1403.00 540.00
517.00 540.00 1403.00 540.00
524.00 540.00 1396.00 540.00
526.00 540.00 1394.00 540.00
559.00 540.00 1361.00 540.00
557.00 540.00 1363.00 540.00
845.00 540.00 1075.00 540.00
