899.00 518.00 303.00 168.00
960.00 540.00 960.00 540.00
862.00 540.00 1058.00 540.00
878.00 530.00 1042.00 550.00
905.50 540.00 1014.50 540.00
666.00 537.00 1254.00 543.00
949.50 539.50 970.50 540.50
769.00 478.00 1151.00 602.00
823.00 300.50 1097.00 779.50
704.00 308.50 1216.00 771.50
813.00 354.50 1107.00 725.50
791.00 306.00 1129.00 774.00
861.00 366.00 1059.00 714.00
959.00 540.00 961.00 540.00
938.50 513.50 981.50 566.50
832.00 507.50 1088.00 572.50
904.00 524.50 1016.00 555.50
776.00 383.00 1144.00 697.00
957.00 371.00 963.00 709.00
944.00 500.00 976.00 580.00
873.00 299.50 1047.00 780.50
885.00 304.00 1035.00 776.00
945.00 363.00 975.00 717.00
891.00 374.50 1029.00 705.50
959.00 536.00 961.00 544.00
951.50 297.00 968.50 783.00
947.00 291.00 973.00 789.00
902.00 291.00 1018.00 789.00
945.00 290.50 975.00 789.50
823.00 297.50 1097.00 782.50
906.50 292.00 1013.50 788.00
959.00 290.50 961.00 789.50
952.50 293.50 967.50 786.50
960.00 291.50 960.00 788.50
931.00 301.50 989.00 778.50
946.00 290.50 974.00 789.50
946.00 338.00 974.00 742.00
864.00 292.00 1056.00 788.00
958.00 307.00 962.00 773.00
949.50 486.00 970.50 594.00
949.50 495.00 970.50 585.00
941.00 291.00 979.00 789.00
882.00 307.00 1038.00 773.00
960.00 292.00 960.00 788.00
656.00 302.00 1264.00 778.00
891.00 536.50 1029.00 543.50
862.00 439.00 1058.00 641.00
950.50 511.50 969.50 568.50
738.00 539.00 1182.00 541.00
872.00 540.00 1048.00 540.00
797.00 540.00 1123.00 540.00
608.00 538.00 1312.00 542.00
588.00 530.00 1332.00 550.00
747.00 493.50 1173.00 586.50
622.00 316.00 1298.00 764.00
529.00 498.00 1391.00 582.00
644.00 376.00 1276.00 704.00
912.00 540.00 1008.00 540.00
903.00 538.50 1017.00 541.50
712.00 412.00 1208.00 668.00
863.00 308.50 1057.00 771.50
950.50 540.00 969.50 540.00
818.00 447.00 1102.00 633.00
931.00 538.50 989.00 541.50
756.00 533.50 1164.00 546.50
912.00 369.50 1008.00 710.50
684.00 323.50 1236.00 756.50
845.00 297.00 1075.00 783.00
781.00 444.50 1139.00 635.50
759.00 292.00 1161.00 788.00
925.50 339.00 994.50 741.00
769.00 300.50 1151.00 779.50
851.00 539.50 1069.00 540.50
935.50 300.00 984.50 780.00
841.00 320.50 1079.00 759.50
943.00 318.50 977.00 761.50
858.00 347.50 1062.00 732.50
795.00 292.50 1125.00 787.50
954.50 537.00 965.50 543.00
958.00 540.00 962.00 540.00
561.00 306.50 1359.00 773.50
753.00 351.50 1167.00 728.50
692.00 480.50 1228.00 599.50
791.00 364.00 1129.00 716.00
713.00 337.50 1207.00 742.50
705.00 432.00 1215.00 648.00
775.00 540.00 1145.00 540.00
779.00 404.50 1141.00 675.50
881.00 539.50 1039.00 540.50
615.00 298.50 1305.00 781.50
877.00 539.50 1043.00 540.50
944.00 531.50 976.00 548.50
893.00 300.50 1027.00 779.50
926.00 539.50 994.00 540.50
755.00 536.00 1165.00 544.00
939.50 402.00 980.50 678.00
953.50 534.00 966.50 546.00
699.00 290.50 1221.00 789.50
930.00 290.50 990.00 789.50
653.00 311.50 1267.00 768.50
775.00 302.50 1145.00 777.50
816.00 322.50 1104.00 757.50
876.00 291.50 1044.00 788.50
917.00 296.00 1003.00 784.00
951.50 314.50 968.50 765.50
957.00 292.50 963.00 787.50
915.00 378.50 1005.00 701.50
846.00 292.00 1074.00 788.00
818.00 470.50 1102.00 609.50
831.00 405.50 1089.00 674.50
863.00 296.00 1057.00 784.00
671.00 369.00 1249.00 711.00
666.00 430.00 1254.00 650.00
728.00 540.00 1192.00 540.00
819.00 540.00 1101.00 540.00
594.00 540.00 1326.00 540.00
592.00 410.50 1328.00 669.50
546.00 539.00 1374.00 541.00
531.00 540.00 1389.00 540.00
518.00 540.00 1402.00 540.00
628.00 526.00 1292.00 554.00
692.00 540.00 1228.00 540.00
789.00 540.00 1131.00 540.00
689.00 377.00 1231.00 703.00
571.00 296.50 1349.00 783.50
775.00 312.00 1145.00 768.00
722.00 305.00 1198.00 775.00
953.50 291.00 966.50 789.00
947.00 398.50 973.00 681.50
956.00 292.00 964.00 788.00
924.50 325.00 995.50 755.00
919.00 331.50 1001.00 748.50
949.00 344.00 971.00 736.00
953.50 290.50 966.50 789.50
932.00 304.00 988.00 776.00
921.50 292.00 998.50 788.00
948.00 290.50 972.00 789.50
950.50 290.50 969.50 789.50
946.00 291.00 974.00 789.00
793.00 335.50 1127.00 744.50
892.00 430.00 1028.00 650.00
892.00 537.00 1028.00 543.00
953.50 539.50 966.50 540.50
797.00 539.50 1123.00 540.50
879.00 540.00 1041.00 540.00
725.00 526.00 1195.00 554.00
668.00 519.00 1252.00 561.00
866.00 540.00 1054.00 540.00
689.00 539.50 1231.00 540.50
726.00 540.00 1194.00 540.00
721.00 540.00 1199.00 540.00
628.00 540.00 1292.00 540.00
537.00 540.00 1383.00 540.00
665.00 540.00 1255.00 540.00
557.00 540.00 1363.00 540.00
805.00 540.00 1115.00 540.00
816.00 540.00 1104.00 540.00
954.50 540.00 965.50 540.00
854.00 540.00 1066.00 540.00
960.00 540.00 960.00 540.00
936.50 540.00 983.50 540.00
948.00 540.00 972.00 540.00
958.00 540.00 962.00 540.00
843.00 540.00 1077.00 540.00
955.50 540.00 964.50 540.00
938.50 540.00 981.50 540.00
892.00 540.00 1028.00 540.00
937.50 540.00 982.50 540.00
905.50 540.00 1014.50 540.00
782.00 540.00 1138.00 540.00
668.00 505.50 1252.00 574.50
642.00 540.00 1278.00 540.00
657.00 453.50 1263.00 626.50
652.00 528.00 1268.00 552.00
643.00 446.50 1277.00 633.50
543.00 498.00 1377.00 582.00
640.00 466.00 1280.00 614.00
926.00 540.00 994.00 540.00
520.00 536.00 1400.00 544.00
540.00 540.00 1380.00 540.00
578.00 384.50 1342.00 695.50
535.00 485.50 1385.00 594.50
524.00 491.50 1396.00 588.50
555.00 291.50 1365.00 788.50
589.00 291.50 1331.00 788.50
576.00 291.50 1344.00 788.50
569.00 296.50 1351.00 783.50
591.00 304.00 1329.00 776.00
561.00 391.00 1359.00 689.00
591.00 525.00 1329.00 555.00
693.00 540.00 1227.00 540.00
532.00 497.00 1388.00 583.00
587.00 290.50 1333.00 789.50
539.00 290.50 1381.00 789.50
517.00 306.50 1403.00 773.50
518.00 291.00 1402.00 789.00
532.00 302.00 1388.00 778.00
545.00 381.50 1375.00 698.50
706.00 311.50 1214.00 768.50
814.00 302.50 1106.00 777.50
564.00 507.00 1356.00 573.00
524.00 379.00 1396.00 701.00
517.00 468.00 1403.00 612.00
524.00 481.50 1396.00 598.50
517.00 539.00 1403.00 541.00
770.00 540.00 1150.00 540.00
953.50 540.00 966.50 540.00
533.00 539.00 1387.00 541.00
667.00 538.00 1253.00 542.00
520.00 540.00 1400.00 540.00
518.00 540.00 1402.00 540.00
568.00 438.00 1352.00 642.00
711.00 540.00 1209.00 540.00
952.50 540.00 967.50 540.00
711.00 540.00 1209.00 540.00
822.00 540.00 1098.00 540.00
791.00 540.00 1129.00 540.00
818.00 540.00 1102.00 540.00
919.50 540.00 1000.50 540.00
548.00 540.00 1372.00 540.00
545.00 540.00 1375.00 540.00
668.00 540.00 1252.00 540.00
607.00 540.00 1313.00 540.00
530.00 540.00 1390.00 540.00
625.00 533.50 1295.00 546.50
519.00 540.00 1401.00 540.00
518.00 540.00 1402.00 540.00
518.00 531.00 1402.00 549.00
607.00 512.50 1313.00 567.50
569.00 517.00 1351.00 563.00
534.00 497.00 1386.00 583.00
537.00 468.50 1383.00 611.50
519.00 528.50 1401.00 551.50
532.00 395.00 1388.00 685.00
528.00 447.00 1392.00 633.00
518.00 537.50 1402.00 542.50
518.00 525.00 1402.00 555.00
517.00 476.50 1403.00 603.50
519.00 526.00 1401.00 554.00
577.00 485.00 1343.00 595.00
618.00 307.50 1302.00 772.50
517.00 531.50 1403.00 548.50
517.00 537.50 1403.00 542.50
519.00 296.50 1401.00 783.50
517.00 530.50 1403.00 549.50
517.00 342.00 1403.00 738.00
517.00 534.00 1403.00 546.00
533.00 412.50 1387.00 667.50
518.00 405.50 1402.00 674.50
518.00 539.50 1402.00 540.50
519.00 322.50 1401.00 757.50
518.00 354.50 1402.00 725.50
546.00 293.00 1374.00 787.00
526.00 301.00 1394.00 779.00
526.00 295.00 1394.00 785.00
518.00 294.50 1402.00 785.50
535.00 291.00 1385.00 789.00
517.00 388.50 1403.00 691.50
518.00 299.00 1402.00 781.00
518.00 291.00 1402.00 789.00
518.00 292.00 1402.00 788.00
534.00 305.00 1386.00 775.00
517.00 297.50 1403.00 782.50
598.00 291.00 1322.00 789.00
524.00 291.50 1396.00 788.50
523.00 293.00 1397.00 787.00
559.00 291.00 1361.00 789.00
521.00 293.00 1399.00 787.00
525.00 316.00 1395.00 764.00
518.00 333.00 1402.00 747.00
518.00 357.00 1402.00 723.00
517.00 494.50 1403.00 585.50
517.00 528.00 1403.00 552.00
518.00 536.50 1402.00 543.50
517.00 369.00 1403.00 711.00
518.00 536.00 1402.00 544.00
520.00 514.50 1400.00 565.50
523.00 524.50 1397.00 555.50
517.00 539.00 1403.00 541.00
523.00 335.00 1397.00 745.00
533.00 337.50 1387.00 742.50
519.00 295.50 1401.00 784.50
518.00 460.00 1402.00 620.00
517.00 532.00 1403.00 548.00
517.00 530.00 1403.00 550.00
517.00 405.00 1403.00 675.00
518.00 294.50 1402.00 785.50
518.00 293.50 1402.00 786.50
517.00 317.50 1403.00 762.50
575.00 295.50 1345.00 784.50
525.00 293.00 1395.00 787.00
517.00 386.00 1403.00 694.00
519.00 349.00 1401.00 731.00
518.00 305.00 1402.00 775.00
524.00 418.00 1396.00 662.00
518.00 475.50 1402.00 604.50
525.00 307.00 1395.00 773.00
581.00 413.50 1339.00 666.50
527.00 345.00 1393.00 735.00
517.00 537.50 1403.00 542.50
