740.00 828.00 56.00 83.00
517.00 540.00 1403.00 540.00
519.00 539.00 1401.00 541.00
517.00 540.00 1403.00 540.00
520.00 538.00 1400.00 542.00
527.00 459.00 1393.00 621.00
540.00 527.00 1380.00 553.00
559.00 317.50 1361.00 762.50
586.00 510.00 1334.00 570.00
517.00 540.00 1403.00 540.00
518.00 524.00 1402.00 556.00
521.00 430.50 1399.00 649.50
591.00 369.00 1329.00 711.00
532.00 460.00 1388.00 620.00
517.00 496.00 1403.00 584.00
517.00 538.00 1403.00 542.00
518.00 532.50 1402.00 547.50
517.00 540.00 1403.00 540.00
517.00 540.00 1403.00 540.00
517.00 540.00 1403.00 540.00
517.00 539.50 1403.00 540.50
592.00 462.50 1328.00 617.50
682.00 297.50 1238.00 782.50
742.00 294.50 1178.00 785.50
941.00 292.00 979.00 788.00
719.00 291.50 1201.00 788.50
937.50 395.00 982.50 685.00
857.00 314.00 1063.00 766.00
826.00 291.50 1094.00 788.50
560.00 290.50 1360.00 789.50
566.00 293.00 1354.00 787.00
595.00 539.50 1325.00 540.50
518.00 540.00 1402.00 540.00
517.00 540.00 1403.00 540.00
517.00 529.00 1403.00 551.00
524.00 540.00 1396.00 540.00
562.00 444.50 1358.00 635.50
623.00 534.00 1297.00 546.00
706.00 517.00 1214.00 563.00
695.00 383.00 1225.00 697.00
662.00 325.50 1258.00 754.50
688.00 349.50 1232.00 730.50
701.00 295.00 1219.00 785.00
753.00 290.50 1167.00 789.50
707.00 469.00 1213.00 611.00
716.00 321.50 1204.00 758.50
827.00 327.50 1093.00 752.50
772.00 312.00 1148.00 768.00
817.00 293.00 1103.00 787.00
759.00 329.50 1161.00 750.50
591.00 394.50 1329.00 685.50
532.00 539.50 1388.00 540.50
518.00 540.00 1402.00 540.00
574.00 539.00 1346.00 541.00
517.00 538.50 1403.00 541.50
523.00 540.00 1397.00 540.00
517.00 540.00 1403.00 540.00
542.00 539.50 1378.00 540.50
518.00 539.50 1402.00 540.50
522.00 540.00 1398.00 540.00
518.00 540.00 1402.00 540.00
518.00 540.00 1402.00 540.00
518.00 540.00 1402.00 540.00
518.00 540.00 1402.00 540.00
517.00 540.00 1403.00 540.00
518.00 540.00 1402.00 540.00
517.00 540.00 1403.00 540.00
517.00 540.00 1403.00 540.00
543.00 540.00 1377.00 540.00
518.00 472.50 1402.00 607.50
529.00 518.50 1391.00 561.50
527.00 452.00 1393.00 628.00
638.00 528.50 1282.00 551.50
695.00 530.00 1225.00 550.00
555.00 534.00 1365.00 546.00
589.00 534.50 1331.00 545.50
612.00 531.50 1308.00 548.50
534.00 433.50 1386.00 646.50
586.00 526.50 1334.00 553.50
614.00 538.00 1306.00 542.00
545.00 504.50 1375.00 575.50
524.00 520.00 1396.00 560.00
566.00 539.50 1354.00 540.50
532.00 471.00 1388.00 609.00
566.00 526.50 1354.00 553.50
526.00 443.50 1394.00 636.50
523.00 428.00 1397.00 652.00
549.00 529.50 1371.00 550.50
541.00 531.50 1379.00 548.50
548.00 539.00 1372.00 541.00
577.00 526.00 1343.00 554.00
529.00 506.00 1391.00 574.00
527.00 526.50 1393.00 553.50
520.00 524.00 1400.00 556.00
526.00 415.00 1394.00 665.00
520.00 508.00 1400.00 572.00
546.00 375.50 1374.00 704.50
579.00 364.00 1341.00 716.00
518.00 453.50 1402.00 626.50
525.00 511.50 1395.00 568.50
523.00 425.00 1397.00 655.00
530.00 523.50 1390.00 556.50
541.00 386.00 1379.00 694.00
541.00 539.50 1379.00 540.50
568.00 461.50 1352.00 618.50
532.00 523.00 1388.00 557.00
630.00 530.00 1290.00 550.00
535.00 502.00 1385.00 578.00
519.00 345.50 1401.00 734.50
542.00 405.00 1378.00 675.00
548.00 402.50 1372.00 677.50
546.00 526.00 1374.00 554.00
625.00 490.50 1295.00 589.50
666.00 539.00 1254.00 541.00
558.00 412.00 1362.00 668.00
580.00 536.00 1340.00 544.00
550.00 522.50 1370.00 557.50
540.00 436.00 1380.00 644.00
687.00 537.00 1233.00 543.00
590.00 481.50 1330.00 598.50
659.00 531.00 1261.00 549.00
582.00 463.00 1338.00 617.00
604.00 481.50 1316.00 598.50
580.00 497.50 1340.00 582.50
562.00 526.00 1358.00 554.00
597.00 526.50 1323.00 553.50
523.00 530.00 1397.00 550.00
533.00 482.50 1387.00 597.50
523.00 507.00 1397.00 573.00
546.00 500.50 1374.00 579.50
519.00 434.00 1401.00 646.00
545.00 534.50 1375.00 545.50
554.00 526.00 1366.00 554.00
613.00 539.50 1307.00 540.50
570.00 471.00 1350.00 609.00
593.00 518.50 1327.00 561.50
529.00 380.00 1391.00 700.00
530.00 437.00 1390.00 643.00
602.00 304.00 1318.00 776.00
530.00 373.50 1390.00 706.50
563.00 476.00 1357.00 604.00
545.00 392.00 1375.00 688.00
562.00 421.50 1358.00 658.50
532.00 520.00 1388.00 560.00
533.00 524.00 1387.00 556.00
540.00 348.50 1380.00 731.50
518.00 310.00 1402.00 770.00
523.00 427.00 1397.00 653.00
578.00 350.00 1342.00 730.00
519.00 403.50 1401.00 676.50
527.00 518.00 1393.00 562.00
537.00 330.00 1383.00 750.00
524.00 459.00 1396.00 621.00
525.00 473.00 1395.00 607.00
521.00 509.50 1399.00 570.50
562.00 496.00 1358.00 584.00
521.00 438.00 1399.00 642.00
535.00 530.50 1385.00 549.50
520.00 538.50 1400.00 541.50
518.00 539.50 1402.00 540.50
520.00 540.00 1400.00 540.00
529.00 539.50 1391.00 540.50
517.00 539.00 1403.00 541.00
526.00 535.50 1394.00 544.50
526.00 539.50 1394.00 540.50
522.00 538.50 1398.00 541.50
541.00 498.00 1379.00 582.00
525.00 531.50 1395.00 548.50
519.00 539.00 1401.00 541.00
599.00 539.50 1321.00 540.50
590.00 540.00 1330.00 540.00
677.00 540.00 1243.00 540.00
700.00 539.50 1220.00 540.50
785.00 540.00 1135.00 540.00
690.00 540.00 1230.00 540.00
606.00 540.00 1314.00 540.00
687.00 540.00 1233.00 540.00
640.00 538.00 1280.00 542.00
677.00 540.00 1243.00 540.00
704.00 540.00 1216.00 540.00
676.00 539.50 1244.00 540.50
694.00 540.00 1226.00 540.00
682.00 540.00 1238.00 540.00
661.00 540.00 1259.00 540.00
654.00 539.50 1266.00 540.50
663.00 536.00 1257.00 544.00
716.00 540.00 1204.00 540.00
721.00 530.00 1199.00 550.00
525.00 540.00 1395.00 540.00
579.00 505.00 1341.00 575.00
560.00 502.00 1360.00 578.00
669.00 539.50 1251.00 540.50
637.00 521.00 1283.00 559.00
714.00 539.50 1206.00 540.50
543.00 533.50 1377.00 546.50
582.00 526.00 1338.00 554.00
596.00 529.50 1324.00 550.50
525.00 540.00 1395.00 540.00
539.00 538.50 1381.00 541.50
608.00 531.00 1312.00 549.00
579.00 486.00 1341.00 594.00
574.00 497.50 1346.00 582.50
677.00 540.00 1243.00 540.00
526.00 531.00 1394.00 549.00
668.00 540.00 1252.00 540.00
598.00 537.00 1322.00 543.00
625.00 540.00 1295.00 540.00
635.00 539.50 1285.00 540.50
611.00 462.50 1309.00 617.50
651.00 540.00 1269.00 540.00
650.00 540.00 1270.00 540.00
527.00 539.00 1393.00 541.00
598.00 540.00 1322.00 540.00
517.00 540.00 1403.00 540.00
520.00 540.00 1400.00 540.00
517.00 540.00 1403.00 540.00
518.00 540.00 1402.00 540.00
523.00 540.00 1397.00 540.00
517.00 540.00 1403.00 540.00
633.00 540.00 1287.00 540.00
537.00 513.50 1383.00 566.50
518.00 540.00 1402.00 540.00
521.00 540.00 1399.00 540.00
522.00 540.00 1398.00 540.00
538.00 540.00 1382.00 540.00
517.00 540.00 1403.00 540.00
518.00 535.50 1402.00 544.50
592.00 540.00 1328.00 540.00
599.00 540.00 1321.00 540.00
517.00 540.00 1403.00 540.00
522.00 540.00 1398.00 540.00
580.00 540.00 1340.00 540.00
551.00 540.00 1369.00 540.00
547.00 540.00 1373.00 540.00
532.00 540.00 1388.00 540.00
544.00 540.00 1376.00 540.00
585.00 540.00 1335.00 540.00
518.00 540.00 1402.00 540.00
591.00 540.00 1329.00 540.00
543.00 537.00 1377.00 543.00
525.00 539.00 1395.00 541.00
565.00 540.00 1355.00 540.00
521.00 539.00 1399.00 541.00
661.00 532.00 1259.00 548.00
554.00 539.50 1366.00 540.50
552.00 514.50 1368.00 565.50
570.00 540.00 1350.00 540.00
518.00 538.00 1402.00 542.00
518.00 540.00 1402.00 540.00
517.00 540.00 1403.00 540.00
517.00 540.00 1403.00 540.00
517.00 540.00 1403.00 540.00
570.00 540.00 1350.00 540.00
518.00 540.00 1402.00 540.00
518.00 540.00 1402.00 540.00
517.00 540.00 1403.00 540.00
518.00 540.00 1402.00 540.00
592.00 540.00 1328.00 540.00
576.00 539.00 1344.00 541.00
546.00 536.50 1374.00 543.50
517.00 540.00 1403.00 540.00
548.00 540.00 1372.00 540.00
609.00 539.50 1311.00 540.50
519.00 539.50 1401.00 540.50
622.00 540.00 1298.00 540.00
517.00 540.00 1403.00 540.00
517.00 540.00 1403.00 540.00
586.00 538.50 1334.00 541.50
526.00 540.00 1394.00 540.00
523.00 535.50 1397.00 544.50
517.00 540.00 1403.00 540.00
518.00 540.00 1402.00 540.00
530.00 538.50 1390.00 541.50
517.00 540.00 1403.00 540.00
517.00 540.00 1403.00 540.00
517.00 540.00 1403.00 540.00
517.00 540.00 1403.00 540.00
517.00 540.00 1403.00 540.00
566.00 534.50 1354.00 545.50
520.00 539.50 1400.00 540.50
624.00 539.00 1296.00 541.00
517.00 540.00 1403.00 540.00
517.00 539.50 1403.00 540.50
518.00 539.50 1402.00 540.50
518.00 538.50 1402.00 541.50
517.00 540.00 1403.00 540.00
517.00 540.00 1403.00 540.00
517.00 540.00 1403.00 540.00
517.00 540.00 1403.00 540.00
517.00 540.00 1403.00 540.00
517.00 540.00 1403.00 540.00
522.00 540.00 1398.00 540.00
534.00 540.00 1386.00 540.00
525.00 539.50 1395.00 540.50
517.00 540.00 1403.00 540.00
517.00 540.00 1403.00 540.00
519.00 538.00 1401.00 542.00
517.00 540.00 1403.00 540.00
517.00 540.00 1403.00 540.00
520.00 538.50 1400.00 541.50
