573.00 419.00 323.00 206.00
861.00 540.00 1059.00 540.00
617.00 540.00 1303.00 540.00
518.00 540.00 1402.00 540.00
517.00 540.00 1403.00 540.00
518.00 540.00 1402.00 540.00
517.00 540.00 1403.00 540.00
517.00 539.00 1403.00 541.00
517.00 538.50 1403.00 541.50
517.00 531.00 1403.00 549.00
517.00 494.00 1403.00 586.00
517.00 539.00 1403.00 541.00
517.00 527.50 1403.00 552.50
517.00 530.00 1403.00 550.00
517.00 538.00 1403.00 542.00
517.00 538.50 1403.00 541.50
517.00 540.00 1403.00 540.00
517.00 540.00 1403.00 540.00
517.00 539.50 1403.00 540.50
519.00 540.00 1401.00 540.00
518.00 540.00 1402.00 540.00
520.00 540.00 1400.00 540.00
518.00 540.00 1402.00 540.00
521.00 540.00 1399.00 540.00
522.00 540.00 1398.00 540.00
522.00 538.50 1398.00 541.50
531.00 526.50 1389.00 553.50
522.00 539.50 1398.00 540.50
522.00 540.00 1398.00 540.00
518.00 540.00 1402.00 540.00
517.00 540.00 1403.00 540.00
517.00 540.00 1403.00 540.00
518.00 539.50 1402.00 540.50
518.00 538.50 1402.00 541.50
518.00 540.00 1402.00 540.00
518.00 540.00 1402.00 540.00
517.00 540.00 1403.00 540.00
518.00 540.00 1402.00 540.00
518.00 533.50 1402.00 546.50
517.00 540.00 1403.00 540.00
517.00 540.00 1403.00 540.00
518.00 540.00 1402.00 540.00
518.00 540.00 1402.00 540.00
517.00 539.50 1403.00 540.50
517.00 540.00 1403.00 540.00
517.00 540.00 1403.00 540.00
517.00 540.00 1403.00 540.00
524.00 539.50 1396.00 540.50
519.00 510.50 1401.00 569.50
517.00 540.00 1403.00 540.00
517.00 468.00 1403.00 612.00
517.00 540.00 1403.00 540.00
517.00 536.50 1403.00 543.50
517.00 534.50 1403.00 545.50
517.00 540.00 1403.00 540.00
518.00 533.50 1402.00 546.50
518.00 533.50 1402.00 546.50
517.00 539.50 1403.00 540.50
518.00 538.00 1402.00 542.00
518.00 538.50 1402.00 541.50
517.00 539.50 1403.00 540.50
518.00 540.00 1402.00 540.00
519.00 539.00 1401.00 541.00
518.00 539.50 1402.00 540.50
532.00 540.00 1388.00 540.00
517.00 540.00 1403.00 540.00
519.00 530.00 1401.00 550.00
518.00 538.00 1402.00 542.00
519.00 540.00 1401.00 540.00
517.00 540.00 1403.00 540.00
526.00 530.00 1394.00 550.00
517.00 540.00 1403.00 540.00
520.00 540.00 1400.00 540.00
524.00 539.50 1396.00 540.50
517.00 540.00 1403.00 540.00
607.00 538.00 1313.00 542.00
519.00 540.00 1401.00 540.00
522.00 539.50 1398.00 540.50
517.00 540.00 1403.00 540.00
517.00 536.00 1403.00 544.00
517.00 540.00 1403.00 540.00
517.00 539.50 1403.00 540.50
517.00 540.00 1403.00 540.00
518.00 538.50 1402.00 541.50
517.00 540.00 1403.00 540.00
517.00 540.00 1403.00 540.00
518.00 539.50 1402.00 540.50
517.00 540.00 1403.00 540.00
517.00 540.00 1403.00 540.00
517.00 539.00 1403.00 541.00
517.00 539.50 1403.00 540.50
518.00 539.50 1402.00 540.50
525.00 505.50 1395.00 574.50
517.00 537.00 1403.00 543.00
517.00 540.00 1403.00 540.00
517.00 540.00 1403.00 540.00
518.00 539.00 1402.00 541.00
517.00 505.00 1403.00 575.00
518.00 539.50 1402.00 540.50
518.00 538.00 1402.00 542.00
518.00 538.50 1402.00 541.50
518.00 536.00 1402.00 544.00
517.00 540.00 1403.00 540.00
518.00 540.00 1402.00 540.00
525.00 540.00 1395.00 540.00
518.00 540.00 1402.00 540.00
519.00 540.00 1401.00 540.00
519.00 536.50 1401.00 543.50
519.00 534.00 1401.00 546.00
518.00 540.00 1402.00 540.00
517.00 540.00 1403.00 540.00
517.00 538.50 1403.00 541.50
518.00 539.50 1402.00 540.50
518.00 539.50 1402.00 540.50
517.00 540.00 1403.00 540.00
517.00 540.00 1403.00 540.00
520.00 532.50 1400.00 547.50
518.00 540.00 1402.00 540.00
517.00 540.00 1403.00 540.00
518.00 536.50 1402.00 543.50
529.00 518.50 1391.00 561.50
517.00 538.50 1403.00 541.50
517.00 525.00 1403.00 555.00
517.00 531.50 1403.00 548.50
518.00 536.00 1402.00 544.00
551.00 316.50 1369.00 763.50
521.00 388.50 1399.00 691.50
521.00 384.50 1399.00 695.50
517.00 533.50 1403.00 546.50
517.00 537.00 1403.00 543.00
517.00 533.00 1403.00 547.00
518.00 443.00 1402.00 637.00
518.00 459.00 1402.00 621.00
519.00 334.00 1401.00 746.00
518.00 433.00 1402.00 647.00
518.00 505.00 1402.00 575.00
518.00 539.50 1402.00 540.50
517.00 540.00 1403.00 540.00
518.00 512.50 1402.00 567.50
518.00 532.00 1402.00 548.00
544.00 335.50 1376.00 744.50
570.00 306.00 1350.00 774.00
520.00 503.50 1400.00 576.50
523.00 532.50 1397.00 547.50
518.00 528.50 1402.00 551.50
522.00 519.50 1398.00 560.50
518.00 534.00 1402.00 546.00
518.00 519.50 1402.00 560.50
524.00 525.00 1396.00 555.00
518.00 512.50 1402.00 567.50
518.00 521.50 1402.00 558.50
532.00 445.00 1388.00 635.00
528.00 412.00 1392.00 668.00
528.00 528.50 1392.00 551.50
540.00 414.50 1380.00 665.50
526.00 333.50 1394.00 746.50
522.00 354.00 1398.00 726.00
518.00 319.00 1402.00 761.00
523.00 321.00 1397.00 759.00
542.00 329.00 1378.00 751.00
532.00 350.00 1388.00 730.00
518.00 466.00 1402.00 614.00
520.00 457.00 1400.00 623.00
517.00 475.50 1403.00 604.50
518.00 430.50 1402.00 649.50
520.00 362.00 1400.00 718.00
523.00 319.50 1397.00 760.50
518.00 404.00 1402.00 676.00
521.00 404.00 1399.00 676.00
560.00 330.50 1360.00 749.50
520.00 461.00 1400.00 619.00
518.00 527.50 1402.00 552.50
520.00 540.00 1400.00 540.00
529.00 540.00 1391.00 540.00
524.00 539.50 1396.00 540.50
518.00 539.50 1402.00 540.50
520.00 529.50 1400.00 550.50
520.00 534.50 1400.00 545.50
518.00 538.50 1402.00 541.50
518.00 540.00 1402.00 540.00
518.00 540.00 1402.00 540.00
533.00 540.00 1387.00 540.00
521.00 523.00 1399.00 557.00
522.00 538.00 1398.00 542.00
538.00 539.00 1382.00 541.00
519.00 539.50 1401.00 540.50
521.00 539.00 1399.00 541.00
519.00 539.50 1401.00 540.50
523.00 536.50 1397.00 543.50
519.00 384.00 1401.00 696.00
520.00 536.00 1400.00 544.00
520.00 529.00 1400.00 551.00
517.00 538.50 1403.00 541.50
517.00 540.00 1403.00 540.00
518.00 533.00 1402.00 547.00
518.00 538.50 1402.00 541.50
518.00 539.50 1402.00 540.50
519.00 528.50 1401.00 551.50
529.00 490.50 1391.00 589.50
518.00 533.00 1402.00 547.00
520.00 528.00 1400.00 552.00
518.00 409.50 1402.00 670.50
524.00 499.00 1396.00 581.00
518.00 405.00 1402.00 675.00
518.00 539.50 1402.00 540.50
526.00 489.00 1394.00 591.00
517.00 523.50 1403.00 556.50
525.00 517.00 1395.00 563.00
518.00 537.50 1402.00 542.50
519.00 539.50 1401.00 540.50
518.00 539.50 1402.00 540.50
517.00 536.50 1403.00 543.50
522.00 529.50 1398.00 550.50
518.00 306.50 1402.00 773.50
518.00 448.00 1402.00 632.00
520.00 539.00 1400.00 541.00
519.00 536.00 1401.00 544.00
518.00 525.00 1402.00 555.00
518.00 540.00 1402.00 540.00
518.00 531.50 1402.00 548.50
517.00 538.50 1403.00 541.50
518.00 539.50 1402.00 540.50
526.00 508.50 1394.00 571.50
518.00 524.00 1402.00 556.00
517.00 539.50 1403.00 540.50
517.00 540.00 1403.00 540.00
521.00 484.50 1399.00 595.50
517.00 540.00 1403.00 540.00
518.00 531.50 1402.00 548.50
521.00 537.50 1399.00 542.50
521.00 459.00 1399.00 621.00
534.00 486.50 1386.00 593.50
519.00 538.00 1401.00 542.00
518.00 539.00 1402.00 541.00
518.00 537.50 1402.00 542.50
534.00 539.50 1386.00 540.50
518.00 540.00 1402.00 540.00
517.00 540.00 1403.00 540.00
517.00 539.50 1403.00 540.50
517.00 527.00 1403.00 553.00
518.00 537.00 1402.00 543.00
517.00 513.50 1403.00 566.50
518.00 540.00 1402.00 540.00
518.00 539.50 1402.00 540.50
518.00 540.00 1402.00 540.00
518.00 540.00 1402.00 540.00
518.00 540.00 1402.00 540.00
517.00 540.00 1403.00 540.00
518.00 494.50 1402.00 585.50
523.00 540.00 1397.00 540.00
521.00 540.00 1399.00 540.00
517.00 540.00 1403.00 540.00
538.00 535.50 1382.00 544.50
519.00 508.00 1401.00 572.00
517.00 476.50 1403.00 603.50
518.00 534.50 1402.00 545.50
530.00 384.00 1390.00 696.00
517.00 536.50 1403.00 543.50
517.00 540.00 1403.00 540.00
517.00 540.00 1403.00 540.00
517.00 539.50 1403.00 540.50
518.00 537.00 1402.00 543.00
517.00 539.00 1403.00 541.00
518.00 531.50 1402.00 548.50
517.00 506.00 1403.00 574.00
518.00 521.00 1402.00 559.00
520.00 505.00 1400.00 575.00
518.00 538.00 1402.00 542.00
517.00 533.00 1403.00 547.00
517.00 538.00 1403.00 542.00
520.00 365.00 1400.00 715.00
519.00 445.00 1401.00 635.00
517.00 540.00 1403.00 540.00
517.00 540.00 1403.00 540.00
518.00 539.50 1402.00 540.50
517.00 540.00 1403.00 540.00
517.00 530.00 1403.00 550.00
523.00 396.00 1397.00 684.00
517.00 532.00 1403.00 548.00
517.00 533.00 1403.00 547.00
517.00 540.00 1403.00 540.00
517.00 540.00 1403.00 540.00
517.00 540.00 1403.00 540.00
517.00 540.00 1403.00 540.00
517.00 540.00 1403.00 540.00
517.00 536.50 1403.00 543.50
517.00 540.00 1403.00 540.00
517.00 540.00 1403.00 540.00
517.00 537.50 1403.00 542.50
517.00 540.00 1403.00 540.00
517.00 540.00 1403.00 540.00
517.00 540.00 1403.00 540.00
517.00 540.00 1403.00 540.00
517.00 540.00 1403.00 540.00
517.00 540.00 1403.00 540.00
517.00 540.00 1403.00 540.00
517.00 540.00 1403.00 540.00
517.00 540.00 1403.00 540.00
517.00 540.00 1403.00 540.00
517.00 540.00 1403.00 540.00
517.00 540.00 1403.00 540.00
517.00 540.00 1403.00 540.00
517.00 540.00 1403.00 540.00
517.00 540.00 1403.00 540.00
517.00 540.00 1403.00 540.00
517.00 540.00 1403.00 540.00
518.00 540.00 1402.00 540.00
519.00 540.00 1401.00 540.00
517.00 540.00 1403.00 540.00
518.00 540.00 1402.00 540.00
517.00 540.00 1403.00 540.00
517.00 540.00 1403.00 540.00
517.00 540.00 1403.00 540.00
517.00 540.00 1403.00 540.00
517.00 540.00 1403.00 540.00
521.00 540.00 1399.00 540.00
634.00 540.00 1286.00 540.00
605.00 540.00 1315.00 540.00
540.00 540.00 1380.00 540.00
519.00 540.00 1401.00 540.00
517.00 540.00 1403.00 540.00
577.00 540.00 1343.00 540.00
518.00 540.00 1402.00 540.00
532.00 540.00 1388.00 540.00
568.00 540.00 1352.00 540.00
597.00 540.00 1323.00 540.00
650.00 540.00 1270.00 540.00
546.00 540.00 1374.00 540.00
520.00 540.00 1400.00 540.00
517.00 540.00 1403.00 540.00
517.00 540.00 1403.00 540.00
517.00 540.00 1403.00 540.00
517.00 540.00 1403.00 540.00
517.00 540.00 1403.00 540.00
521.00 540.00 1399.00 540.00
517.00 540.00 1403.00 540.00
519.00 540.00 1401.00 540.00
518.00 540.00 1402.00 540.00
517.00 540.00 1403.00 540.00
517.00 540.00 1403.00 540.00
523.00 540.00 1397.00 540.00
522.00 540.00 1398.00 540.00
522.00 540.00 1398.00 540.00
532.00 540.00 1388.00 540.00
541.00 540.00 1379.00 540.00
518.00 540.00 1402.00 540.00
525.00 540.00 1395.00 540.00
517.00 540.00 1403.00 540.00
518.00 540.00 1402.00 540.00
562.00 540.00 1358.00 540.00
544.00 540.00 1376.00 540.00
558.00 540.00 1362.00 540.00
533.00 540.00 1387.00 540.00
548.00 540.00 1372.00 540.00
532.00 540.00 1388.00 540.00
529.00 540.00 1391.00 540.00
531.00 540.00 1389.00 540.00
529.00 540.00 1391.00 540.00
548.00 540.00 1372.00 540.00
518.00 540.00 1402.00 540.00
519.00 540.00 1401.00 540.00
517.00 540.00 1403.00 540.00
526.00 540.00 1394.00 540.00
531.00 540.00 1389.00 540.00
519.00 540.00 1401.00 540.00
605.00 540.00 1315.00 540.00
771.00 540.00 1149.00 540.00
666.00 540.00 1254.00 540.00
606.00 540.00 1314.00 540.00
518.00 540.00 1402.00 540.00
524.00 540.00 1396.00 540.00
517.00 540.00 1403.00 540.00
517.00 540.00 1403.00 540.00
517.00 540.00 1403.00 540.00
517.00 540.00 1403.00 540.00
517.00 540.00 1403.00 540.00
517.00 540.00 1403.00 540.00
520.00 540.00 1400.00 540.00
521.00 540.00 1399.00 540.00
517.00 540.00 1403.00 540.00
537.00 540.00 1383.00 540.00
541.00 540.00 1379.00 540.00
612.00 540.00 1308.00 540.00
592.00 540.00 1328.00 540.00
621.00 540.00 1299.00 540.00
519.00 540.00 1401.00 540.00
517.00 540.00 1403.00 540.00
518.00 540.00 1402.00 540.00
534.00 540.00 1386.00 540.00
519.00 540.00 1401.00 540.00
518.00 539.50 1402.00 540.50
518.00 540.00 1402.00 540.00
517.00 540.00 1403.00 540.00
518.00 539.50 1402.00 540.50
517.00 532.50 1403.00 547.50
518.00 531.50 1402.00 548.50
519.00 539.50 1401.00 540.50
517.00 540.00 1403.00 540.00
517.00 540.00 1403.00 540.00
518.00 537.50 1402.00 542.50
518.00 539.00 1402.00 541.00
517.00 513.00 1403.00 567.00
518.00 533.00 1402.00 547.00
517.00 526.00 1403.00 554.00
518.00 471.50 1402.00 608.50
518.00 427.00 1402.00 653.00
518.00 510.50 1402.00 569.50
520.00 469.00 1400.00 611.00
517.00 495.00 1403.00 585.00
518.00 492.50 1402.00 587.50
518.00 539.50 1402.00 540.50
517.00 540.00 1403.00 540.00
517.00 540.00 1403.00 540.00
526.00 535.50 1394.00 544.50
517.00 540.00 1403.00 540.00
519.00 477.00 1401.00 603.00
525.00 368.50 1395.00 711.50
525.00 357.50 1395.00 722.50
518.00 538.00 1402.00 542.00
518.00 520.00 1402.00 560.00
517.00 520.50 1403.00 559.50
517.00 538.50 1403.00 541.50
519.00 317.00 1401.00 763.00
518.00 326.00 1402.00 754.00
519.00 296.50 1401.00 783.50
517.00 308.50 1403.00 771.50
521.00 306.50 1399.00 773.50
519.00 295.50 1401.00 784.50
520.00 292.50 1400.00 787.50
518.00 293.50 1402.00 786.50
518.00 298.00 1402.00 782.00
517.00 311.00 1403.00 769.00
518.00 306.00 1402.00 774.00
517.00 509.00 1403.00 571.00
517.00 314.00 1403.00 766.00
518.00 396.00 1402.00 684.00
517.00 355.00 1403.00 725.00
519.00 301.50 1401.00 778.50
517.00 527.00 1403.00 553.00
517.00 531.00 1403.00 549.00
527.00 344.50 1393.00 735.50
518.00 496.00 1402.00 584.00
519.00 309.50 1401.00 770.50
532.00 302.00 1388.00 778.00
518.00 295.00 1402.00 785.00
517.00 339.50 1403.00 740.50
534.00 450.50 1386.00 629.50
527.00 380.50 1393.00 699.50
517.00 521.00 1403.00 559.00
518.00 540.00 1402.00 540.00
522.00 302.50 1398.00 777.50
524.00 428.50 1396.00 651.50
518.00 499.00 1402.00 581.00
519.00 409.00 1401.00 671.00
534.00 314.50 1386.00 765.50
524.00 539.00 1396.00 541.00
519.00 539.00 1401.00 541.00
524.00 540.00 1396.00 540.00
517.00 540.00 1403.00 540.00
518.00 540.00 1402.00 540.00
526.00 540.00 1394.00 540.00
524.00 540.00 1396.00 540.00
517.00 540.00 1403.00 540.00
517.00 540.00 1403.00 540.00
517.00 540.00 1403.00 540.00
517.00 540.00 1403.00 540.00
518.00 539.50 1402.00 540.50
518.00 540.00 1402.00 540.00
517.00 540.00 1403.00 540.00
519.00 540.00 1401.00 540.00
523.00 540.00 1397.00 540.00
524.00 540.00 1396.00 540.00
519.00 540.00 1401.00 540.00
535.00 540.00 1385.00 540.00
524.00 540.00 1396.00 540.00
518.00 540.00 1402.00 540.00
518.00 540.00 1402.00 540.00
517.00 540.00 1403.00 540.00
517.00 540.00 1403.00 540.00
517.00 540.00 1403.00 540.00
518.00 540.00 1402.00 540.00
518.00 540.00 1402.00 540.00
531.00 540.00 1389.00 540.00
525.00 540.00 1395.00 540.00
525.00 540.00 1395.00 540.00
518.00 540.00 1402.00 540.00
523.00 540.00 1397.00 540.00
518.00 540.00 1402.00 540.00
517.00 540.00 1403.00 540.00
539.00 540.00 1381.00 540.00
517.00 540.00 1403.00 540.00
518.00 540.00 1402.00 540.00
517.00 540.00 1403.00 540.00
517.00 540.00 1403.00 540.00
528.00 540.00 1392.00 540.00
517.00 540.00 1403.00 540.00
517.00 539.50 1403.00 540.50
518.00 540.00 1402.00 540.00
539.00 535.50 1381.00 544.50
517.00 540.00 1403.00 540.00
517.00 540.00 1403.00 540.00
518.00 540.00 1402.00 540.00
553.00 540.00 1367.00 540.00
517.00 540.00 1403.00 540.00
518.00 540.00 1402.00 540.00
520.00 540.00 1400.00 540.00
517.00 540.00 1403.00 540.00
518.00 540.00 1402.00 540.00
517.00 540.00 1403.00 540.00
517.00 540.00 1403.00 540.00
517.00 540.00 1403.00 540.00
517.00 540.00 1403.00 540.00
518.00 540.00 1402.00 540.00
517.00 540.00 1403.00 540.00
517.00 540.00 1403.00 540.00
517.00 540.00 1403.00 540.00
520.00 540.00 1400.00 540.00
517.00 540.00 1403.00 540.00
517.00 540.00 1403.00 540.00
517.00 540.00 1403.00 540.00
518.00 540.00 1402.00 540.00
517.00 540.00 1403.00 540.00
517.00 540.00 1403.00 540.00
517.00 540.00 1403.00 540.00
517.00 540.00 1403.00 540.00
520.00 539.50 1400.00 540.50
518.00 536.50 1402.00 543.50
517.00 540.00 1403.00 540.00
533.00 540.00 1387.00 540.00
520.00 540.00 1400.00 540.00
518.00 540.00 1402.00 540.00
517.00 540.00 1403.00 540.00
517.00 540.00 1403.00 540.00
523.00 540.00 1397.00 540.00
517.00 540.00 1403.00 540.00
519.00 540.00 1401.00 540.00
520.00 540.00 1400.00 540.00
519.00 540.00 1401.00 540.00
517.00 540.00 1403.00 540.00
520.00 531.50 1400.00 548.50
518.00 336.50 1402.00 743.50
520.00 395.00 1400.00 685.00
518.00 364.50 1402.00 715.50
525.00 355.00 1395.00 725.00
519.00 350.00 1401.00 730.00
520.00 292.50 1400.00 787.50
518.00 304.50 1402.00 775.50
520.00 338.00 1400.00 742.00
530.00 291.50 1390.00 788.50
519.00 295.00 1401.00 785.00
521.00 291.00 1399.00 789.00
532.00 290.50 1388.00 789.50
518.00 293.50 1402.00 786.50
518.00 539.50 1402.00 540.50
518.00 383.50 1402.00 696.50
517.00 520.00 1403.00 560.00
518.00 540.00 1402.00 540.00
519.00 540.00 1401.00 540.00
517.00 540.00 1403.00 540.00
518.00 540.00 1402.00 540.00
522.00 540.00 1398.00 540.00
518.00 540.00 1402.00 540.00
519.00 540.00 1401.00 540.00
518.00 540.00 1402.00 540.00
518.00 540.00 1402.00 540.00
518.00 540.00 1402.00 540.00
518.00 534.00 1402.00 546.00
517.00 501.00 1403.00 579.00
518.00 540.00 1402.00 540.00
526.00 540.00 1394.00 540.00
518.00 540.00 1402.00 540.00
522.00 393.50 1398.00 686.50
517.00 321.00 1403.00 759.00
520.00 292.50 1400.00 787.50
517.00 539.00 1403.00 541.00
517.00 445.00 1403.00 635.00
517.00 540.00 1403.00 540.00
518.00 310.50 1402.00 769.50
521.00 291.00 1399.00 789.00
519.00 292.00 1401.00 788.00
524.00 296.00 1396.00 784.00
517.00 475.50 1403.00 604.50
518.00 348.00 1402.00 732.00
518.00 350.00 1402.00 730.00
518.00 292.50 1402.00 787.50
520.00 290.50 1400.00 789.50
518.00 335.00 1402.00 745.00
518.00 331.00 1402.00 749.00
518.00 293.00 1402.00 787.00
522.00 291.50 1398.00 788.50
518.00 340.50 1402.00 739.50
520.00 540.00 1400.00 540.00
517.00 540.00 1403.00 540.00
518.00 540.00 1402.00 540.00
517.00 540.00 1403.00 540.00
519.00 540.00 1401.00 540.00
519.00 540.00 1401.00 540.00
520.00 540.00 1400.00 540.00
521.00 540.00 1399.00 540.00
523.00 540.00 1397.00 540.00
