1166.00 416.00 105.00 43.00
660.00 297.00 1260.00 783.00
723.00 292.50 1197.00 787.50
930.00 540.00 990.00 540.00
758.00 445.00 1162.00 635.00
659.00 290.50 1261.00 789.50
730.00 291.50 1190.00 788.50
592.00 290.50 1328.00 789.50
619.00 290.50 1301.00 789.50
639.00 290.50 1281.00 789.50
621.00 290.50 1299.00 789.50
615.00 290.50 1305.00 789.50
546.00 290.50 1374.00 789.50
580.00 290.50 1340.00 789.50
642.00 290.50 1278.00 789.50
649.00 290.50 1271.00 789.50
612.00 290.50 1308.00 789.50
628.00 290.50 1292.00 789.50
631.00 290.50 1289.00 789.50
560.00 290.50 1360.00 789.50
550.00 295.00 1370.00 785.00
564.00 290.50 1356.00 789.50
576.00 290.50 1344.00 789.50
622.00 290.50 1298.00 789.50
591.00 290.50 1329.00 789.50
763.00 290.50 1157.00 789.50
641.00 293.00 1279.00 787.00
611.00 291.00 1309.00 789.00
619.00 290.50 1301.00 789.50
622.00 291.00 1298.00 789.00
891.00 540.00 1029.00 540.00
608.00 359.00 1312.00 721.00
622.00 291.50 1298.00 788.50
633.00 290.50 1287.00 789.50
712.00 520.00 1208.00 560.00
694.00 495.50 1226.00 584.50
635.00 290.50 1285.00 789.50
618.00 290.50 1302.00 789.50
605.00 290.50 1315.00 789.50
558.00 290.50 1362.00 789.50
571.00 290.50 1349.00 789.50
586.00 290.50 1334.00 789.50
622.00 290.50 1298.00 789.50
625.00 290.50 1295.00 789.50
668.00 373.50 1252.00 706.50
585.00 290.50 1335.00 789.50
610.00 290.50 1310.00 789.50
627.00 290.50 1293.00 789.50
589.00 290.50 1331.00 789.50
609.00 290.50 1311.00 789.50
601.00 290.50 1319.00 789.50
652.00 290.50 1268.00 789.50
608.00 290.50 1312.00 789.50
652.00 290.50 1268.00 789.50
592.00 290.50 1328.00 789.50
660.00 290.50 1260.00 789.50
588.00 290.50 1332.00 789.50
606.00 290.50 1314.00 789.50
545.00 290.50 1375.00 789.50
552.00 290.50 1368.00 789.50
564.00 290.50 1356.00 789.50
621.00 290.50 1299.00 789.50
600.00 290.50 1320.00 789.50
599.00 290.50 1321.00 789.50
612.00 381.50 1308.00 698.50
780.00 485.50 1140.00 594.50
739.00 534.50 1181.00 545.50
744.00 540.00 1176.00 540.00
577.00 290.50 1343.00 789.50
644.00 290.50 1276.00 789.50
643.00 290.50 1277.00 789.50
596.00 290.50 1324.00 789.50
600.00 290.50 1320.00 789.50
551.00 290.50 1369.00 789.50
582.00 290.50 1338.00 789.50
568.00 290.50 1352.00 789.50
562.00 292.50 1358.00 787.50
659.00 290.50 1261.00 789.50
686.00 290.50 1234.00 789.50
642.00 290.50 1278.00 789.50
670.00 444.00 1250.00 636.00
645.00 381.50 1275.00 698.50
678.00 290.50 1242.00 789.50
622.00 290.50 1298.00 789.50
761.00 356.50 1159.00 723.50
644.00 290.50 1276.00 789.50
649.00 290.50 1271.00 789.50
720.00 353.00 1200.00 727.00
735.00 290.50 1185.00 789.50
718.00 338.50 1202.00 741.50
652.00 290.50 1268.00 789.50
690.00 339.00 1230.00 741.00
630.00 290.50 1290.00 789.50
684.00 384.50 1236.00 695.50
662.00 290.50 1258.00 789.50
634.00 290.50 1286.00 789.50
767.00 290.50 1153.00 789.50
784.00 539.50 1136.00 540.50
698.00 540.00 1222.00 540.00
681.00 540.00 1239.00 540.00
543.00 290.50 1377.00 789.50
526.00 290.50 1394.00 789.50
525.00 290.50 1395.00 789.50
566.00 290.50 1354.00 789.50
764.00 477.00 1156.00 603.00
653.00 404.50 1267.00 675.50
585.00 300.00 1335.00 780.00
613.00 306.50 1307.00 773.50
601.00 290.50 1319.00 789.50
648.00 290.50 1272.00 789.50
640.00 300.50 1280.00 779.50
671.00 381.50 1249.00 698.50
602.00 290.50 1318.00 789.50
596.00 290.50 1324.00 789.50
592.00 290.50 1328.00 789.50
623.00 290.50 1297.00 789.50
565.00 290.50 1355.00 789.50
597.00 290.50 1323.00 789.50
646.00 290.50 1274.00 789.50
615.00 290.50 1305.00 789.50
647.00 290.50 1273.00 789.50
661.00 290.50 1259.00 789.50
620.00 290.50 1300.00 789.50
597.00 290.50 1323.00 789.50
620.00 290.50 1300.00 789.50
665.00 290.50 1255.00 789.50
643.00 290.50 1277.00 789.50
649.00 290.50 1271.00 789.50
642.00 290.50 1278.00 789.50
582.00 290.50 1338.00 789.50
579.00 290.50 1341.00 789.50
542.00 290.50 1378.00 789.50
583.00 290.50 1337.00 789.50
633.00 398.00 1287.00 682.00
570.00 293.50 1350.00 786.50
605.00 341.00 1315.00 739.00
569.00 290.50 1351.00 789.50
561.00 290.50 1359.00 789.50
561.00 290.50 1359.00 789.50
576.00 290.50 1344.00 789.50
613.00 291.00 1307.00 789.00
589.00 290.50 1331.00 789.50
604.00 290.50 1316.00 789.50
597.00 290.50 1323.00 789.50
581.00 290.50 1339.00 789.50
595.00 290.50 1325.00 789.50
562.00 290.50 1358.00 789.50
592.00 290.50 1328.00 789.50
560.00 290.50 1360.00 789.50
646.00 290.50 1274.00 789.50
653.00 290.50 1267.00 789.50
583.00 290.50 1337.00 789.50
550.00 290.50 1370.00 789.50
562.00 290.50 1358.00 789.50
589.00 290.50 1331.00 789.50
652.00 290.50 1268.00 789.50
576.00 290.50 1344.00 789.50
582.00 290.50 1338.00 789.50
617.00 290.50 1303.00 789.50
604.00 290.50 1316.00 789.50
590.00 290.50 1330.00 789.50
576.00 290.50 1344.00 789.50
573.00 290.50 1347.00 789.50
584.00 290.50 1336.00 789.50
696.00 539.50 1224.00 540.50
538.00 290.50 1382.00 789.50
549.00 290.50 1371.00 789.50
568.00 290.50 1352.00 789.50
629.00 290.50 1291.00 789.50
622.00 290.50 1298.00 789.50
654.00 290.50 1266.00 789.50
634.00 290.50 1286.00 789.50
657.00 290.50 1263.00 789.50
624.00 290.50 1296.00 789.50
592.00 290.50 1328.00 789.50
640.00 290.50 1280.00 789.50
625.00 290.50 1295.00 789.50
674.00 290.50 1246.00 789.50
644.00 290.50 1276.00 789.50
617.00 290.50 1303.00 789.50
689.00 305.00 1231.00 775.00
601.00 290.50 1319.00 789.50
608.00 290.50 1312.00 789.50
628.00 290.50 1292.00 789.50
632.00 290.50 1288.00 789.50
571.00 309.50 1349.00 770.50
576.00 294.50 1344.00 785.50
604.00 290.50 1316.00 789.50
580.00 290.50 1340.00 789.50
612.00 290.50 1308.00 789.50
560.00 290.50 1360.00 789.50
562.00 290.50 1358.00 789.50
619.00 290.50 1301.00 789.50
639.00 366.00 1281.00 714.00
686.00 290.50 1234.00 789.50
653.00 290.50 1267.00 789.50
694.00 290.50 1226.00 789.50
724.00 416.00 1196.00 664.00
600.00 290.50 1320.00 789.50
655.00 290.50 1265.00 789.50
644.00 290.50 1276.00 789.50
678.00 291.00 1242.00 789.00
630.00 290.50 1290.00 789.50
571.00 290.50 1349.00 789.50
539.00 290.50 1381.00 789.50
559.00 290.50 1361.00 789.50
576.00 290.50 1344.00 789.50
631.00 290.50 1289.00 789.50
648.00 290.50 1272.00 789.50
562.00 353.00 1358.00 727.00
554.00 290.50 1366.00 789.50
600.00 290.50 1320.00 789.50
546.00 290.50 1374.00 789.50
532.00 290.50 1388.00 789.50
526.00 333.00 1394.00 747.00
595.00 290.50 1325.00 789.50
603.00 290.50 1317.00 789.50
553.00 290.50 1367.00 789.50
526.00 290.50 1394.00 789.50
540.00 290.50 1380.00 789.50
562.00 290.50 1358.00 789.50
557.00 290.50 1363.00 789.50
583.00 290.50 1337.00 789.50
562.00 290.50 1358.00 789.50
533.00 290.50 1387.00 789.50
549.00 290.50 1371.00 789.50
600.00 292.50 1320.00 787.50
587.00 382.50 1333.00 697.50
579.00 372.50 1341.00 707.50
564.00 293.50 1356.00 786.50
578.00 290.50 1342.00 789.50
701.00 293.50 1219.00 786.50
668.00 336.00 1252.00 744.00
603.00 290.50 1317.00 789.50
629.00 290.50 1291.00 789.50
583.00 290.50 1337.00 789.50
706.00 290.50 1214.00 789.50
818.00 382.00 1102.00 698.00
753.00 290.50 1167.00 789.50
771.00 540.00 1149.00 540.00
663.00 290.50 1257.00 789.50
800.00 540.00 1120.00 540.00
608.00 290.50 1312.00 789.50
701.00 291.50 1219.00 788.50
648.00 291.00 1272.00 789.00
734.00 295.50 1186.00 784.50
678.00 327.50 1242.00 752.50
666.00 370.00 1254.00 710.00
812.00 517.00 1108.00 563.00
590.00 290.50 1330.00 789.50
763.00 535.50 1157.00 544.50
613.00 314.00 1307.00 766.00
562.00 290.50 1358.00 789.50
581.00 290.50 1339.00 789.50
606.00 290.50 1314.00 789.50
594.00 290.50 1326.00 789.50
638.00 290.50 1282.00 789.50
633.00 290.50 1287.00 789.50
635.00 290.50 1285.00 789.50
668.00 293.50 1252.00 786.50
648.00 290.50 1272.00 789.50
682.00 309.00 1238.00 771.00
664.00 290.50 1256.00 789.50
624.00 290.50 1296.00 789.50
588.00 290.50 1332.00 789.50
563.00 290.50 1357.00 789.50
613.00 290.50 1307.00 789.50
611.00 290.50 1309.00 789.50
622.00 290.50 1298.00 789.50
615.00 290.50 1305.00 789.50
563.00 290.50 1357.00 789.50
604.00 290.50 1316.00 789.50
552.00 290.50 1368.00 789.50
656.00 290.50 1264.00 789.50
701.00 290.50 1219.00 789.50
627.00 290.50 1293.00 789.50
766.00 505.00 1154.00 575.00
610.00 290.50 1310.00 789.50
623.00 290.50 1297.00 789.50
578.00 290.50 1342.00 789.50
586.00 290.50 1334.00 789.50
598.00 290.50 1322.00 789.50
567.00 290.50 1353.00 789.50
606.00 290.50 1314.00 789.50
590.00 290.50 1330.00 789.50
595.00 290.50 1325.00 789.50
614.00 299.00 1306.00 781.00
619.00 290.50 1301.00 789.50
624.00 305.50 1296.00 774.50
543.00 290.50 1377.00 789.50
570.00 291.50 1350.00 788.50
534.00 290.50 1386.00 789.50
592.00 290.50 1328.00 789.50
597.00 290.50 1323.00 789.50
590.00 290.50 1330.00 789.50
581.00 290.50 1339.00 789.50
554.00 290.50 1366.00 789.50
611.00 399.50 1309.00 680.50
564.00 290.50 1356.00 789.50
531.00 290.50 1389.00 789.50
577.00 290.50 1343.00 789.50
547.00 290.50 1373.00 789.50
662.00 489.00 1258.00 591.00
556.00 389.50 1364.00 690.50
706.00 539.00 1214.00 541.00
548.00 290.50 1372.00 789.50
551.00 290.50 1369.00 789.50
537.00 290.50 1383.00 789.50
536.00 290.50 1384.00 789.50
608.00 401.50 1312.00 678.50
551.00 290.50 1369.00 789.50
570.00 290.50 1350.00 789.50
843.00 519.00 1077.00 561.00
549.00 290.50 1371.00 789.50
554.00 290.50 1366.00 789.50
532.00 290.50 1388.00 789.50
540.00 290.50 1380.00 789.50
567.00 290.50 1353.00 789.50
630.00 290.50 1290.00 789.50
652.00 290.50 1268.00 789.50
630.00 290.50 1290.00 789.50
618.00 290.50 1302.00 789.50
708.00 433.50 1212.00 646.50
542.00 290.50 1378.00 789.50
602.00 319.50 1318.00 760.50
537.00 290.50 1383.00 789.50
541.00 290.50 1379.00 789.50
571.00 290.50 1349.00 789.50
622.00 369.00 1298.00 711.00
542.00 290.50 1378.00 789.50
554.00 290.50 1366.00 789.50
596.00 290.50 1324.00 789.50
578.00 290.50 1342.00 789.50
608.00 290.50 1312.00 789.50
656.00 290.50 1264.00 789.50
627.00 298.50 1293.00 781.50
642.00 290.50 1278.00 789.50
604.00 290.50 1316.00 789.50
581.00 290.50 1339.00 789.50
632.00 290.50 1288.00 789.50
579.00 290.50 1341.00 789.50
592.00 290.50 1328.00 789.50
621.00 290.50 1299.00 789.50
593.00 290.50 1327.00 789.50
721.00 347.50 1199.00 732.50
618.00 304.00 1302.00 776.00
607.00 290.50 1313.00 789.50
613.00 290.50 1307.00 789.50
626.00 323.50 1294.00 756.50
638.00 290.50 1282.00 789.50
652.00 290.50 1268.00 789.50
827.00 427.00 1093.00 653.00
608.00 290.50 1312.00 789.50
549.00 290.50 1371.00 789.50
553.00 290.50 1367.00 789.50
608.00 290.50 1312.00 789.50
638.00 290.50 1282.00 789.50
646.00 290.50 1274.00 789.50
575.00 290.50 1345.00 789.50
572.00 290.50 1348.00 789.50
624.00 290.50 1296.00 789.50
646.00 290.50 1274.00 789.50
629.00 290.50 1291.00 789.50
594.00 290.50 1326.00 789.50
670.00 311.50 1250.00 768.50
674.00 290.50 1246.00 789.50
630.00 290.50 1290.00 789.50
645.00 290.50 1275.00 789.50
715.00 290.50 1205.00 789.50
713.00 314.50 1207.00 765.50
574.00 290.50 1346.00 789.50
616.00 290.50 1304.00 789.50
618.00 290.50 1302.00 789.50
624.00 290.50 1296.00 789.50
648.00 370.00 1272.00 710.00
652.00 293.50 1268.00 786.50
589.00 290.50 1331.00 789.50
608.00 290.50 1312.00 789.50
627.00 333.50 1293.00 746.50
579.00 290.50 1341.00 789.50
576.00 290.50 1344.00 789.50
606.00 290.50 1314.00 789.50
567.00 290.50 1353.00 789.50
670.00 290.50 1250.00 789.50
660.00 290.50 1260.00 789.50
567.00 290.50 1353.00 789.50
556.00 290.50 1364.00 789.50
592.00 290.50 1328.00 789.50
638.00 290.50 1282.00 789.50
622.00 290.50 1298.00 789.50
661.00 290.50 1259.00 789.50
679.00 290.50 1241.00 789.50
676.00 290.50 1244.00 789.50
579.00 290.50 1341.00 789.50
608.00 290.50 1312.00 789.50
557.00 290.50 1363.00 789.50
602.00 290.50 1318.00 789.50
643.00 290.50 1277.00 789.50
647.00 290.50 1273.00 789.50
633.00 290.50 1287.00 789.50
629.00 299.00 1291.00 781.00
618.00 290.50 1302.00 789.50
629.00 290.50 1291.00 789.50
631.00 290.50 1289.00 789.50
610.00 290.50 1310.00 789.50
588.00 290.50 1332.00 789.50
615.00 290.50 1305.00 789.50
597.00 290.50 1323.00 789.50
675.00 321.50 1245.00 758.50
569.00 290.50 1351.00 789.50
546.00 366.50 1374.00 713.50
578.00 384.00 1342.00 696.00
589.00 290.50 1331.00 789.50
584.00 290.50 1336.00 789.50
641.00 290.50 1279.00 789.50
866.00 540.00 1054.00 540.00
640.00 290.50 1280.00 789.50
609.00 290.50 1311.00 789.50
600.00 290.50 1320.00 789.50
659.00 425.00 1261.00 655.00
580.00 290.50 1340.00 789.50
610.00 297.50 1310.00 782.50
567.00 290.50 1353.00 789.50
565.00 290.50 1355.00 789.50
582.00 435.50 1338.00 644.50
593.00 290.50 1327.00 789.50
555.00 410.50 1365.00 669.50
589.00 313.00 1331.00 767.00
583.00 290.50 1337.00 789.50
525.00 292.00 1395.00 788.00
533.00 478.50 1387.00 601.50
565.00 540.00 1355.00 540.00
530.00 540.00 1390.00 540.00
520.00 540.00 1400.00 540.00
528.00 346.50 1392.00 733.50
536.00 398.00 1384.00 682.00
615.00 290.50 1305.00 789.50
622.00 338.00 1298.00 742.00
620.00 311.00 1300.00 769.00
584.00 325.50 1336.00 754.50
546.00 321.00 1374.00 759.00
532.00 451.00 1388.00 629.00
534.00 291.50 1386.00 788.50
585.00 302.50 1335.00 777.50
602.00 290.50 1318.00 789.50
696.00 290.50 1224.00 789.50
649.00 292.50 1271.00 787.50
601.00 290.50 1319.00 789.50
557.00 295.50 1363.00 784.50
593.00 362.50 1327.00 717.50
572.00 412.50 1348.00 667.50
560.00 290.50 1360.00 789.50
588.00 297.50 1332.00 782.50
651.00 291.00 1269.00 789.00
641.00 290.50 1279.00 789.50
633.00 290.50 1287.00 789.50
582.00 297.00 1338.00 783.00
618.00 290.50 1302.00 789.50
594.00 290.50 1326.00 789.50
554.00 290.50 1366.00 789.50
543.00 290.50 1377.00 789.50
591.00 290.50 1329.00 789.50
617.00 290.50 1303.00 789.50
644.00 309.50 1276.00 770.50
649.00 323.50 1271.00 756.50
622.00 426.50 1298.00 653.50
556.00 290.50 1364.00 789.50
635.00 290.50 1285.00 789.50
613.00 314.50 1307.00 765.50
580.00 327.00 1340.00 753.00
622.00 290.50 1298.00 789.50
654.00 290.50 1266.00 789.50
670.00 539.50 1250.00 540.50
611.00 291.00 1309.00 789.00
616.00 290.50 1304.00 789.50
638.00 295.50 1282.00 784.50
532.00 290.50 1388.00 789.50
885.00 540.00 1035.00 540.00
626.00 290.50 1294.00 789.50
636.00 290.50 1284.00 789.50
589.00 290.50 1331.00 789.50
627.00 290.50 1293.00 789.50
664.00 290.50 1256.00 789.50
742.00 393.50 1178.00 686.50
687.00 295.00 1233.00 785.00
585.00 336.50 1335.00 743.50
799.00 540.00 1121.00 540.00
651.00 290.50 1269.00 789.50
631.00 290.50 1289.00 789.50
572.00 290.50 1348.00 789.50
598.00 290.50 1322.00 789.50
598.00 290.50 1322.00 789.50
651.00 290.50 1269.00 789.50
636.00 290.50 1284.00 789.50
662.00 290.50 1258.00 789.50
588.00 290.50 1332.00 789.50
619.00 295.00 1301.00 785.00
603.00 290.50 1317.00 789.50
577.00 290.50 1343.00 789.50
586.00 290.50 1334.00 789.50
597.00 290.50 1323.00 789.50
592.00 290.50 1328.00 789.50
765.00 374.00 1155.00 706.00
584.00 290.50 1336.00 789.50
654.00 294.50 1266.00 785.50
620.00 293.00 1300.00 787.00
709.00 361.00 1211.00 719.00
646.00 290.50 1274.00 789.50
609.00 290.50 1311.00 789.50
618.00 290.50 1302.00 789.50
763.00 295.50 1157.00 784.50
782.00 540.00 1138.00 540.00
640.00 450.00 1280.00 630.00
771.00 539.50 1149.00 540.50
563.00 292.50 1357.00 787.50
597.00 290.50 1323.00 789.50
596.00 290.50 1324.00 789.50
601.00 290.50 1319.00 789.50
625.00 290.50 1295.00 789.50
622.00 290.50 1298.00 789.50
689.00 290.50 1231.00 789.50
661.00 290.50 1259.00 789.50
731.00 375.50 1189.00 704.50
848.00 540.00 1072.00 540.00
729.00 388.50 1191.00 691.50
639.00 290.50 1281.00 789.50
656.00 291.50 1264.00 788.50
627.00 290.50 1293.00 789.50
589.00 292.50 1331.00 787.50
612.00 345.00 1308.00 735.00
663.00 290.50 1257.00 789.50
614.00 293.00 1306.00 787.00
740.00 419.00 1180.00 661.00
820.00 530.50 1100.00 549.50
620.00 290.50 1300.00 789.50
622.00 290.50 1298.00 789.50
576.00 404.50 1344.00 675.50
578.00 290.50 1342.00 789.50
579.00 290.50 1341.00 789.50
638.00 290.50 1282.00 789.50
656.00 290.50 1264.00 789.50
531.00 493.50 1389.00 586.50
578.00 368.00 1342.00 712.00
638.00 290.50 1282.00 789.50
663.00 297.50 1257.00 782.50
674.00 306.00 1246.00 774.00
676.00 294.50 1244.00 785.50
579.00 293.50 1341.00 786.50
668.00 540.00 1252.00 540.00
598.00 290.50 1322.00 789.50
638.00 290.50 1282.00 789.50
591.00 290.50 1329.00 789.50
610.00 290.50 1310.00 789.50
682.00 290.50 1238.00 789.50
646.00 334.00 1274.00 746.00
600.00 291.00 1320.00 789.00
616.00 416.50 1304.00 663.50
646.00 449.50 1274.00 630.50
675.00 290.50 1245.00 789.50
598.00 290.50 1322.00 789.50
665.00 319.00 1255.00 761.00
624.00 290.50 1296.00 789.50
627.00 290.50 1293.00 789.50
619.00 540.00 1301.00 540.00
666.00 290.50 1254.00 789.50
603.00 294.50 1317.00 785.50
644.00 290.50 1276.00 789.50
687.00 291.00 1233.00 789.00
666.00 290.50 1254.00 789.50
601.00 290.50 1319.00 789.50
611.00 290.50 1309.00 789.50
651.00 290.50 1269.00 789.50
661.00 299.50 1259.00 780.50
647.00 294.50 1273.00 785.50
566.00 322.50 1354.00 757.50
535.00 290.50 1385.00 789.50
572.00 290.50 1348.00 789.50
634.00 290.50 1286.00 789.50
630.00 291.00 1290.00 789.00
584.00 290.50 1336.00 789.50
656.00 290.50 1264.00 789.50
788.00 540.00 1132.00 540.00
582.00 290.50 1338.00 789.50
594.00 290.50 1326.00 789.50
690.00 290.50 1230.00 789.50
654.00 416.50 1266.00 663.50
649.00 290.50 1271.00 789.50
547.00 540.00 1373.00 540.00
572.00 290.50 1348.00 789.50
586.00 298.50 1334.00 781.50
583.00 540.00 1337.00 540.00
592.00 338.00 1328.00 742.00
690.00 290.50 1230.00 789.50
654.00 290.50 1266.00 789.50
754.00 290.50 1166.00 789.50
694.00 290.50 1226.00 789.50
700.00 292.00 1220.00 788.00
587.00 291.00 1333.00 789.00
658.00 290.50 1262.00 789.50
694.00 292.50 1226.00 787.50
