629.00 605.00 442.00 440.00
955.50 540.00 964.50 540.00
939.50 345.00 980.50 735.00
894.00 461.00 1026.00 619.00
925.50 524.50 994.50 555.50
664.00 540.00 1256.00 540.00
604.00 304.00 1316.00 776.00
519.00 290.50 1401.00 789.50
571.00 290.50 1349.00 789.50
826.00 299.00 1094.00 781.00
772.00 448.00 1148.00 632.00
718.00 540.00 1202.00 540.00
960.00 540.00 960.00 540.00
945.00 540.00 975.00 540.00
934.50 528.00 985.50 552.00
952.50 534.50 967.50 545.50
600.00 291.00 1320.00 789.00
567.00 292.50 1353.00 787.50
696.00 290.50 1224.00 789.50
772.00 326.50 1148.00 753.50
938.50 540.00 981.50 540.00
864.00 540.00 1056.00 540.00
897.00 540.00 1023.00 540.00
960.00 540.00 960.00 540.00
957.00 540.00 963.00 540.00
903.00 540.00 1017.00 540.00
518.00 540.00 1402.00 540.00
930.00 540.00 990.00 540.00
960.00 540.00 960.00 540.00
949.00 540.00 971.00 540.00
957.00 540.00 963.00 540.00
766.00 540.00 1154.00 540.00
904.00 540.00 1016.00 540.00
815.00 540.00 1105.00 540.00
863.00 540.00 1057.00 540.00
957.00 540.00 963.00 540.00
931.00 307.50 989.00 772.50
960.00 540.00 960.00 540.00
958.00 540.00 962.00 540.00
773.00 540.00 1147.00 540.00
575.00 540.00 1345.00 540.00
640.00 527.50 1280.00 552.50
534.00 518.50 1386.00 561.50
519.00 540.00 1401.00 540.00
518.00 540.00 1402.00 540.00
518.00 539.00 1402.00 541.00
518.00 540.00 1402.00 540.00
562.00 534.00 1358.00 546.00
548.00 540.00 1372.00 540.00
518.00 532.00 1402.00 548.00
558.00 540.00 1362.00 540.00
712.00 540.00 1208.00 540.00
518.00 540.00 1402.00 540.00
524.00 540.00 1396.00 540.00
573.00 540.00 1347.00 540.00
659.00 540.00 1261.00 540.00
529.00 533.50 1391.00 546.50
926.00 540.00 994.00 540.00
518.00 453.00 1402.00 627.00
531.00 290.50 1389.00 789.50
582.00 395.00 1338.00 685.00
609.00 297.00 1311.00 783.00
530.00 540.00 1390.00 540.00
519.00 535.50 1401.00 544.50
520.00 540.00 1400.00 540.00
620.00 540.00 1300.00 540.00
527.00 540.00 1393.00 540.00
846.00 540.00 1074.00 540.00
522.00 487.50 1398.00 592.50
592.00 300.00 1328.00 780.00
549.00 294.50 1371.00 785.50
557.00 297.50 1363.00 782.50
759.00 540.00 1161.00 540.00
921.50 540.00 998.50 540.00
784.00 540.00 1136.00 540.00
684.00 540.00 1236.00 540.00
949.00 540.00 971.00 540.00
758.00 540.00 1162.00 540.00
797.00 539.50 1123.00 540.50
957.00 540.00 963.00 540.00
790.00 540.00 1130.00 540.00
956.00 443.00 964.00 637.00
943.00 332.00 977.00 748.00
956.00 314.00 964.00 766.00
846.00 517.50 1074.00 562.50
948.00 488.50 972.00 591.50
648.00 313.00 1272.00 767.00
958.00 539.50 962.00 540.50
919.00 533.50 1001.00 546.50
945.00 540.00 975.00 540.00
523.00 540.00 1397.00 540.00
666.00 518.50 1254.00 561.50
686.00 539.50 1234.00 540.50
801.00 540.00 1119.00 540.00
553.00 540.00 1367.00 540.00
519.00 540.00 1401.00 540.00
708.00 540.00 1212.00 540.00
609.00 355.50 1311.00 724.50
643.00 292.50 1277.00 787.50
525.00 511.50 1395.00 568.50
549.00 440.50 1371.00 639.50
538.00 383.00 1382.00 697.00
638.00 440.50 1282.00 639.50
521.00 468.50 1399.00 611.50
539.00 317.00 1381.00 763.00
522.00 351.00 1398.00 729.00
518.00 343.50 1402.00 736.50
548.00 540.00 1372.00 540.00
532.00 540.00 1388.00 540.00
547.00 296.50 1373.00 783.50
624.00 539.50 1296.00 540.50
518.00 539.00 1402.00 541.00
840.00 540.00 1080.00 540.00
539.00 485.00 1381.00 595.00
582.00 540.00 1338.00 540.00
579.00 303.00 1341.00 777.00
784.00 356.50 1136.00 723.50
593.00 427.50 1327.00 652.50
792.00 539.50 1128.00 540.50
665.00 540.00 1255.00 540.00
862.00 540.00 1058.00 540.00
706.00 540.00 1214.00 540.00
563.00 540.00 1357.00 540.00
947.00 540.00 973.00 540.00
952.50 539.50 967.50 540.50
726.00 540.00 1194.00 540.00
959.00 540.00 961.00 540.00
717.00 540.00 1203.00 540.00
862.00 540.00 1058.00 540.00
946.00 540.00 974.00 540.00
785.00 540.00 1135.00 540.00
622.00 540.00 1298.00 540.00
626.00 540.00 1294.00 540.00
808.00 540.00 1112.00 540.00
708.00 540.00 1212.00 540.00
943.00 540.00 977.00 540.00
750.00 540.00 1170.00 540.00
628.00 540.00 1292.00 540.00
951.50 540.00 968.50 540.00
900.00 540.00 1020.00 540.00
704.00 540.00 1216.00 540.00
696.00 540.00 1224.00 540.00
588.00 540.00 1332.00 540.00
587.00 539.50 1333.00 540.50
669.00 540.00 1251.00 540.00
518.00 540.00 1402.00 540.00
542.00 540.00 1378.00 540.00
539.00 540.00 1381.00 540.00
577.00 540.00 1343.00 540.00
528.00 540.00 1392.00 540.00
518.00 540.00 1402.00 540.00
517.00 520.00 1403.00 560.00
645.00 540.00 1275.00 540.00
560.00 540.00 1360.00 540.00
541.00 540.00 1379.00 540.00
641.00 540.00 1279.00 540.00
858.00 540.00 1062.00 540.00
731.00 540.00 1189.00 540.00
636.00 540.00 1284.00 540.00
543.00 540.00 1377.00 540.00
763.00 540.00 1157.00 540.00
592.00 420.00 1328.00 660.00
761.00 540.00 1159.00 540.00
597.00 533.50 1323.00 546.50
672.00 540.00 1248.00 540.00
635.00 540.00 1285.00 540.00
748.00 540.00 1172.00 540.00
532.00 540.00 1388.00 540.00
606.00 416.00 1314.00 664.00
957.00 540.00 963.00 540.00
957.00 539.00 963.00 541.00
919.00 342.00 1001.00 738.00
807.00 290.50 1113.00 789.50
772.00 296.00 1148.00 784.00
536.00 460.00 1384.00 620.00
602.00 292.50 1318.00 787.50
518.00 484.50 1402.00 595.50
548.00 316.50 1372.00 763.50
598.00 290.50 1322.00 789.50
531.00 290.50 1389.00 789.50
518.00 290.50 1402.00 789.50
520.00 290.50 1400.00 789.50
698.00 302.00 1222.00 778.00
925.50 291.00 994.50 789.00
533.00 340.50 1387.00 739.50
948.00 291.50 972.00 788.50
636.00 539.50 1284.00 540.50
893.00 540.00 1027.00 540.00
756.00 470.50 1164.00 609.50
612.00 346.00 1308.00 734.00
574.00 331.00 1346.00 749.00
794.00 539.50 1126.00 540.50
616.00 538.00 1304.00 542.00
716.00 540.00 1204.00 540.00
919.50 535.50 1000.50 544.50
878.00 527.50 1042.00 552.50
952.50 540.00 967.50 540.00
914.00 540.00 1006.00 540.00
956.00 540.00 964.00 540.00
579.00 540.00 1341.00 540.00
616.00 540.00 1304.00 540.00
661.00 533.50 1259.00 546.50
876.00 540.00 1044.00 540.00
723.00 540.00 1197.00 540.00
821.00 540.00 1099.00 540.00
868.00 539.50 1052.00 540.50
877.00 528.00 1043.00 552.00
726.00 540.00 1194.00 540.00
592.00 540.00 1328.00 540.00
907.50 540.00 1012.50 540.00
721.00 540.00 1199.00 540.00
627.00 529.50 1293.00 550.50
645.00 540.00 1275.00 540.00
800.00 351.00 1120.00 729.00
831.00 292.50 1089.00 787.50
546.00 290.50 1374.00 789.50
627.00 291.00 1293.00 789.00
633.00 290.50 1287.00 789.50
573.00 314.00 1347.00 766.00
673.00 290.50 1247.00 789.50
549.00 290.50 1371.00 789.50
537.00 290.50 1383.00 789.50
604.00 290.50 1316.00 789.50
536.00 290.50 1384.00 789.50
522.00 290.50 1398.00 789.50
517.00 290.50 1403.00 789.50
618.00 290.50 1302.00 789.50
724.00 291.00 1196.00 789.00
547.00 290.50 1373.00 789.50
592.00 290.50 1328.00 789.50
540.00 290.50 1380.00 789.50
572.00 368.00 1348.00 712.00
577.00 312.00 1343.00 768.00
652.00 423.50 1268.00 656.50
772.00 464.00 1148.00 616.00
586.00 291.00 1334.00 789.00
774.00 476.50 1146.00 603.50
697.00 290.50 1223.00 789.50
522.00 294.50 1398.00 785.50
531.00 290.50 1389.00 789.50
622.00 290.50 1298.00 789.50
555.00 290.50 1365.00 789.50
598.00 290.50 1322.00 789.50
562.00 308.00 1358.00 772.00
663.00 290.50 1257.00 789.50
597.00 290.50 1323.00 789.50
728.00 297.00 1192.00 783.00
711.00 312.00 1209.00 768.00
518.00 291.50 1402.00 788.50
601.00 290.50 1319.00 789.50
624.00 290.50 1296.00 789.50
792.00 290.50 1128.00 789.50
652.00 296.50 1268.00 783.50
775.00 425.00 1145.00 655.00
960.00 540.00 960.00 540.00
954.50 540.00 965.50 540.00
919.00 540.00 1001.00 540.00
763.00 540.00 1157.00 540.00
640.00 540.00 1280.00 540.00
576.00 539.50 1344.00 540.50
823.00 540.00 1097.00 540.00
608.00 531.50 1312.00 548.50
517.00 540.00 1403.00 540.00
592.00 540.00 1328.00 540.00
520.00 540.00 1400.00 540.00
520.00 540.00 1400.00 540.00
646.00 540.00 1274.00 540.00
667.00 540.00 1253.00 540.00
605.00 391.50 1315.00 688.50
517.00 539.00 1403.00 541.00
517.00 540.00 1403.00 540.00
518.00 531.00 1402.00 549.00
570.00 540.00 1350.00 540.00
517.00 540.00 1403.00 540.00
517.00 540.00 1403.00 540.00
517.00 531.50 1403.00 548.50
522.00 526.00 1398.00 554.00
517.00 539.50 1403.00 540.50
579.00 510.50 1341.00 569.50
518.00 539.50 1402.00 540.50
517.00 480.50 1403.00 599.50
517.00 540.00 1403.00 540.00
517.00 540.00 1403.00 540.00
518.00 519.00 1402.00 561.00
517.00 524.50 1403.00 555.50
517.00 540.00 1403.00 540.00
659.00 540.00 1261.00 540.00
517.00 539.50 1403.00 540.50
517.00 540.00 1403.00 540.00
517.00 534.00 1403.00 546.00
517.00 528.00 1403.00 552.00
517.00 540.00 1403.00 540.00
518.00 540.00 1402.00 540.00
517.00 539.00 1403.00 541.00
517.00 434.50 1403.00 645.50
517.00 539.00 1403.00 541.00
517.00 315.50 1403.00 764.50
517.00 540.00 1403.00 540.00
517.00 390.00 1403.00 690.00
517.00 539.00 1403.00 541.00
