1316.00 578.00 106.00 93.00
802.00 539.00 1118.00 541.00
960.00 540.00 960.00 540.00
853.00 293.50 1067.00 786.50
955.50 498.00 964.50 582.00
905.50 540.00 1014.50 540.00
850.00 482.50 1070.00 597.50
788.00 540.00 1132.00 540.00
959.00 506.00 961.00 574.00
958.00 540.00 962.00 540.00
870.00 539.50 1050.00 540.50
959.00 540.00 961.00 540.00
939.50 538.00 980.50 542.00
958.00 540.00 962.00 540.00
960.00 540.00 960.00 540.00
960.00 540.00 960.00 540.00
959.00 540.00 961.00 540.00
958.00 540.00 962.00 540.00
960.00 540.00 960.00 540.00
960.00 540.00 960.00 540.00
958.00 369.50 962.00 710.50
960.00 540.00 960.00 540.00
959.00 540.00 961.00 540.00
960.00 540.00 960.00 540.00
960.00 540.00 960.00 540.00
959.00 540.00 961.00 540.00
959.00 540.00 961.00 540.00
958.00 540.00 962.00 540.00
950.50 538.50 969.50 541.50
951.50 540.00 968.50 540.00
849.00 540.00 1071.00 540.00
960.00 540.00 960.00 540.00
808.00 540.00 1112.00 540.00
960.00 540.00 960.00 540.00
957.00 540.00 963.00 540.00
888.00 540.00 1032.00 540.00
960.00 540.00 960.00 540.00
960.00 540.00 960.00 540.00
959.00 540.00 961.00 540.00
959.00 530.50 961.00 549.50
960.00 537.00 960.00 543.00
956.00 431.00 964.00 649.00
907.50 357.00 1012.50 723.00
955.50 491.00 964.50 589.00
959.00 298.00 961.00 782.00
956.00 494.00 964.00 586.00
792.00 315.50 1128.00 764.50
955.50 540.00 964.50 540.00
960.00 532.00 960.00 548.00
960.00 530.00 960.00 550.00
959.00 540.00 961.00 540.00
957.00 540.00 963.00 540.00
909.50 540.00 1010.50 540.00
959.00 540.00 961.00 540.00
955.50 540.00 964.50 540.00
959.00 540.00 961.00 540.00
931.00 540.00 989.00 540.00
960.00 540.00 960.00 540.00
959.00 540.00 961.00 540.00
949.50 540.00 970.50 540.00
959.00 540.00 961.00 540.00
817.00 540.00 1103.00 540.00
950.50 540.00 969.50 540.00
668.00 540.00 1252.00 540.00
857.00 540.00 1063.00 540.00
958.00 540.00 962.00 540.00
956.00 540.00 964.00 540.00
826.00 539.50 1094.00 540.50
949.50 540.00 970.50 540.00
948.00 540.00 972.00 540.00
901.00 540.00 1019.00 540.00
925.50 540.00 994.50 540.00
958.00 540.00 962.00 540.00
959.00 540.00 961.00 540.00
857.00 540.00 1063.00 540.00
756.00 540.00 1164.00 540.00
952.50 540.00 967.50 540.00
790.00 540.00 1130.00 540.00
960.00 540.00 960.00 540.00
843.00 540.00 1077.00 540.00
919.00 540.00 1001.00 540.00
960.00 540.00 960.00 540.00
954.50 540.00 965.50 540.00
958.00 540.00 962.00 540.00
638.00 540.00 1282.00 540.00
934.50 540.00 985.50 540.00
940.50 540.00 979.50 540.00
960.00 540.00 960.00 540.00
949.00 540.00 971.00 540.00
960.00 540.00 960.00 540.00
959.00 540.00 961.00 540.00
908.50 540.00 1011.50 540.00
957.00 540.00 963.00 540.00
841.00 539.00 1079.00 541.00
960.00 540.00 960.00 540.00
958.00 540.00 962.00 540.00
953.50 540.00 966.50 540.00
952.50 540.00 967.50 540.00
959.00 540.00 961.00 540.00
960.00 540.00 960.00 540.00
960.00 540.00 960.00 540.00
960.00 540.00 960.00 540.00
960.00 540.00 960.00 540.00
960.00 540.00 960.00 540.00
959.00 540.00 961.00 540.00
958.00 540.00 962.00 540.00
959.00 540.00 961.00 540.00
959.00 540.00 961.00 540.00
932.00 540.00 988.00 540.00
957.00 540.00 963.00 540.00
960.00 540.00 960.00 540.00
960.00 540.00 960.00 540.00
960.00 540.00 960.00 540.00
960.00 540.00 960.00 540.00
960.00 540.00 960.00 540.00
957.00 540.00 963.00 540.00
954.50 540.00 965.50 540.00
954.50 540.00 965.50 540.00
960.00 532.50 960.00 547.50
950.50 540.00 969.50 540.00
900.00 540.00 1020.00 540.00
949.00 538.50 971.00 541.50
937.50 540.00 982.50 540.00
960.00 540.00 960.00 540.00
945.00 540.00 975.00 540.00
957.00 540.00 963.00 540.00
960.00 540.00 960.00 540.00
960.00 540.00 960.00 540.00
960.00 540.00 960.00 540.00
959.00 540.00 961.00 540.00
915.00 540.00 1005.00 540.00
884.00 540.00 1036.00 540.00
726.00 540.00 1194.00 540.00
932.00 540.00 988.00 540.00
960.00 540.00 960.00 540.00
649.00 520.00 1271.00 560.00
959.00 540.00 961.00 540.00
936.50 327.00 983.50 753.00
788.00 481.00 1132.00 599.00
956.00 539.50 964.00 540.50
956.00 539.00 964.00 541.00
959.00 376.50 961.00 703.50
959.00 539.00 961.00 541.00
959.00 526.50 961.00 553.50
958.00 538.00 962.00 542.00
957.00 539.50 963.00 540.50
959.00 539.50 961.00 540.50
958.00 537.50 962.00 542.50
960.00 540.00 960.00 540.00
958.00 540.00 962.00 540.00
955.50 540.00 964.50 540.00
942.00 540.00 978.00 540.00
958.00 533.00 962.00 547.00
960.00 540.00 960.00 540.00
946.00 540.00 974.00 540.00
959.00 540.00 961.00 540.00
940.50 535.50 979.50 544.50
951.50 536.50 968.50 543.50
954.50 533.50 965.50 546.50
959.00 539.50 961.00 540.50
958.00 540.00 962.00 540.00
954.50 515.50 965.50 564.50
919.00 540.00 1001.00 540.00
960.00 540.00 960.00 540.00
957.00 540.00 963.00 540.00
941.00 540.00 979.00 540.00
960.00 540.00 960.00 540.00
960.00 540.00 960.00 540.00
950.50 536.50 969.50 543.50
954.50 534.00 965.50 546.00
956.00 537.00 964.00 543.00
956.00 507.00 964.00 573.00
960.00 540.00 960.00 540.00
959.00 539.50 961.00 540.50
960.00 533.50 960.00 546.50
950.50 533.00 969.50 547.00
932.00 537.50 988.00 542.50
958.00 470.00 962.00 610.00
958.00 526.00 962.00 554.00
960.00 527.50 960.00 552.50
959.00 539.50 961.00 540.50
957.00 540.00 963.00 540.00
959.00 537.50 961.00 542.50
952.50 540.00 967.50 540.00
953.50 540.00 966.50 540.00
907.50 540.00 1012.50 540.00
960.00 487.50 960.00 592.50
960.00 426.50 960.00 653.50
960.00 540.00 960.00 540.00
954.50 515.50 965.50 564.50
956.00 533.00 964.00 547.00
957.00 540.00 963.00 540.00
639.00 540.00 1281.00 540.00
900.00 540.00 1020.00 540.00
891.00 452.00 1029.00 628.00
950.50 527.50 969.50 552.50
960.00 539.50 960.00 540.50
960.00 540.00 960.00 540.00
960.00 540.00 960.00 540.00
960.00 540.00 960.00 540.00
941.00 504.50 979.00 575.50
960.00 540.00 960.00 540.00
958.00 540.00 962.00 540.00
960.00 538.50 960.00 541.50
959.00 540.00 961.00 540.00
960.00 540.00 960.00 540.00
960.00 540.00 960.00 540.00
959.00 540.00 961.00 540.00
959.00 539.50 961.00 540.50
959.00 540.00 961.00 540.00
959.00 454.00 961.00 626.00
960.00 520.00 960.00 560.00
960.00 540.00 960.00 540.00
954.50 540.00 965.50 540.00
919.50 540.00 1000.50 540.00
959.00 540.00 961.00 540.00
960.00 540.00 960.00 540.00
960.00 540.00 960.00 540.00
940.50 540.00 979.50 540.00
960.00 540.00 960.00 540.00
960.00 540.00 960.00 540.00
954.50 540.00 965.50 540.00
804.00 540.00 1116.00 540.00
890.00 528.50 1030.00 551.50
949.00 492.00 971.00 588.00
934.50 396.00 985.50 684.00
723.00 540.00 1197.00 540.00
960.00 540.00 960.00 540.00
959.00 540.00 961.00 540.00
954.50 540.00 965.50 540.00
960.00 540.00 960.00 540.00
958.00 540.00 962.00 540.00
959.00 540.00 961.00 540.00
957.00 540.00 963.00 540.00
959.00 540.00 961.00 540.00
960.00 540.00 960.00 540.00
960.00 540.00 960.00 540.00
960.00 540.00 960.00 540.00
959.00 495.00 961.00 585.00
960.00 540.00 960.00 540.00
960.00 540.00 960.00 540.00
960.00 540.00 960.00 540.00
960.00 540.00 960.00 540.00
960.00 540.00 960.00 540.00
960.00 540.00 960.00 540.00
959.00 540.00 961.00 540.00
959.00 540.00 961.00 540.00
929.00 532.50 991.00 547.50
959.00 540.00 961.00 540.00
945.00 540.00 975.00 540.00
942.00 540.00 978.00 540.00
960.00 540.00 960.00 540.00
959.00 540.00 961.00 540.00
960.00 540.00 960.00 540.00
960.00 540.00 960.00 540.00
960.00 540.00 960.00 540.00
960.00 540.00 960.00 540.00
960.00 540.00 960.00 540.00
960.00 540.00 960.00 540.00
960.00 540.00 960.00 540.00
925.50 540.00 994.50 540.00
956.00 540.00 964.00 540.00
939.50 540.00 980.50 540.00
955.50 540.00 964.50 540.00
853.00 540.00 1067.00 540.00
866.00 540.00 1054.00 540.00
960.00 540.00 960.00 540.00
960.00 540.00 960.00 540.00
960.00 540.00 960.00 540.00
960.00 540.00 960.00 540.00
960.00 537.50 960.00 542.50
960.00 540.00 960.00 540.00
960.00 540.00 960.00 540.00
959.00 540.00 961.00 540.00
960.00 540.00 960.00 540.00
959.00 540.00 961.00 540.00
959.00 540.00 961.00 540.00
937.50 514.50 982.50 565.50
927.00 540.00 993.00 540.00
960.00 540.00 960.00 540.00
960.00 540.00 960.00 540.00
903.00 540.00 1017.00 540.00
960.00 540.00 960.00 540.00
960.00 540.00 960.00 540.00
960.00 540.00 960.00 540.00
960.00 540.00 960.00 540.00
807.00 540.00 1113.00 540.00
960.00 540.00 960.00 540.00
960.00 540.00 960.00 540.00
956.00 488.00 964.00 592.00
960.00 540.00 960.00 540.00
960.00 540.00 960.00 540.00
960.00 540.00 960.00 540.00
960.00 540.00 960.00 540.00
960.00 540.00 960.00 540.00
951.50 540.00 968.50 540.00
957.00 540.00 963.00 540.00
959.00 540.00 961.00 540.00
944.00 539.50 976.00 540.50
960.00 540.00 960.00 540.00
960.00 540.00 960.00 540.00
959.00 540.00 961.00 540.00
952.50 540.00 967.50 540.00
960.00 540.00 960.00 540.00
959.00 540.00 961.00 540.00
960.00 540.00 960.00 540.00
960.00 540.00 960.00 540.00
960.00 540.00 960.00 540.00
958.00 540.00 962.00 540.00
960.00 540.00 960.00 540.00
897.00 540.00 1023.00 540.00
960.00 540.00 960.00 540.00
960.00 540.00 960.00 540.00
959.00 540.00 961.00 540.00
958.00 540.00 962.00 540.00
958.00 540.00 962.00 540.00
958.00 540.00 962.00 540.00
960.00 540.00 960.00 540.00
960.00 540.00 960.00 540.00
960.00 540.00 960.00 540.00
960.00 540.00 960.00 540.00
925.50 540.00 994.50 540.00
955.50 540.00 964.50 540.00
960.00 540.00 960.00 540.00
958.00 540.00 962.00 540.00
959.00 540.00 961.00 540.00
958.00 540.00 962.00 540.00
960.00 540.00 960.00 540.00
960.00 540.00 960.00 540.00
960.00 540.00 960.00 540.00
957.00 540.00 963.00 540.00
957.00 540.00 963.00 540.00
825.00 540.00 1095.00 540.00
756.00 540.00 1164.00 540.00
945.00 540.00 975.00 540.00
772.00 540.00 1148.00 540.00
941.00 540.00 979.00 540.00
939.50 540.00 980.50 540.00
931.00 540.00 989.00 540.00
955.50 540.00 964.50 540.00
960.00 540.00 960.00 540.00
957.00 540.00 963.00 540.00
959.00 540.00 961.00 540.00
959.00 540.00 961.00 540.00
960.00 540.00 960.00 540.00
960.00 540.00 960.00 540.00
959.00 540.00 961.00 540.00
958.00 540.00 962.00 540.00
960.00 532.50 960.00 547.50
959.00 540.00 961.00 540.00
960.00 540.00 960.00 540.00
960.00 540.00 960.00 540.00
960.00 540.00 960.00 540.00
959.00 540.00 961.00 540.00
960.00 540.00 960.00 540.00
960.00 540.00 960.00 540.00
959.00 540.00 961.00 540.00
955.50 540.00 964.50 540.00
960.00 540.00 960.00 540.00
960.00 540.00 960.00 540.00
949.00 540.00 971.00 540.00
959.00 540.00 961.00 540.00
959.00 540.00 961.00 540.00
862.00 540.00 1058.00 540.00
960.00 540.00 960.00 540.00
959.00 540.00 961.00 540.00
897.00 540.00 1023.00 540.00
959.00 540.00 961.00 540.00
960.00 540.00 960.00 540.00
960.00 540.00 960.00 540.00
960.00 540.00 960.00 540.00
960.00 540.00 960.00 540.00
954.50 540.00 965.50 540.00
959.00 540.00 961.00 540.00
958.00 540.00 962.00 540.00
941.00 540.00 979.00 540.00
904.50 540.00 1015.50 540.00
960.00 540.00 960.00 540.00
959.00 540.00 961.00 540.00
960.00 540.00 960.00 540.00
779.00 540.00 1141.00 540.00
679.00 540.00 1241.00 540.00
956.00 540.00 964.00 540.00
918.00 540.00 1002.00 540.00
886.00 540.00 1034.00 540.00
839.00 540.00 1081.00 540.00
798.00 540.00 1122.00 540.00
936.50 540.00 983.50 540.00
960.00 540.00 960.00 540.00
955.50 540.00 964.50 540.00
960.00 540.00 960.00 540.00
960.00 540.00 960.00 540.00
960.00 540.00 960.00 540.00
953.50 540.00 966.50 540.00
954.50 540.00 965.50 540.00
954.50 540.00 965.50 540.00
821.00 540.00 1099.00 540.00
932.00 540.00 988.00 540.00
615.00 540.00 1305.00 540.00
684.00 540.00 1236.00 540.00
