1418.00 514.00 233.00 450.00
757.00 540.00 1163.00 540.00
801.00 540.00 1119.00 540.00
796.00 540.00 1124.00 540.00
784.00 540.00 1136.00 540.00
682.00 540.00 1238.00 540.00
692.00 540.00 1228.00 540.00
701.00 540.00 1219.00 540.00
678.00 540.00 1242.00 540.00
728.00 540.00 1192.00 540.00
769.00 540.00 1151.00 540.00
746.00 540.00 1174.00 540.00
868.00 539.50 1052.00 540.50
690.00 540.00 1230.00 540.00
687.00 540.00 1233.00 540.00
697.00 540.00 1223.00 540.00
818.00 540.00 1102.00 540.00
613.00 540.00 1307.00 540.00
695.00 540.00 1225.00 540.00
634.00 540.00 1286.00 540.00
823.00 540.00 1097.00 540.00
722.00 540.00 1198.00 540.00
893.00 540.00 1027.00 540.00
787.00 540.00 1133.00 540.00
875.00 540.00 1045.00 540.00
712.00 540.00 1208.00 540.00
753.00 540.00 1167.00 540.00
652.00 540.00 1268.00 540.00
724.00 540.00 1196.00 540.00
709.00 540.00 1211.00 540.00
668.00 540.00 1252.00 540.00
728.00 540.00 1192.00 540.00
650.00 540.00 1270.00 540.00
708.00 540.00 1212.00 540.00
720.00 540.00 1200.00 540.00
669.00 540.00 1251.00 540.00
592.00 540.00 1328.00 540.00
578.00 540.00 1342.00 540.00
673.00 540.00 1247.00 540.00
527.00 540.00 1393.00 540.00
548.00 540.00 1372.00 540.00
522.00 540.00 1398.00 540.00
518.00 540.00 1402.00 540.00
552.00 540.00 1368.00 540.00
568.00 540.00 1352.00 540.00
545.00 540.00 1375.00 540.00
551.00 540.00 1369.00 540.00
611.00 540.00 1309.00 540.00
642.00 540.00 1278.00 540.00
619.00 540.00 1301.00 540.00
792.00 540.00 1128.00 540.00
587.00 540.00 1333.00 540.00
638.00 540.00 1282.00 540.00
537.00 540.00 1383.00 540.00
520.00 540.00 1400.00 540.00
522.00 540.00 1398.00 540.00
544.00 540.00 1376.00 540.00
518.00 540.00 1402.00 540.00
518.00 540.00 1402.00 540.00
522.00 540.00 1398.00 540.00
517.00 540.00 1403.00 540.00
518.00 540.00 1402.00 540.00
517.00 540.00 1403.00 540.00
518.00 540.00 1402.00 540.00
518.00 540.00 1402.00 540.00
517.00 540.00 1403.00 540.00
518.00 540.00 1402.00 540.00
517.00 540.00 1403.00 540.00
520.00 540.00 1400.00 540.00
545.00 540.00 1375.00 540.00
527.00 540.00 1393.00 540.00
578.00 540.00 1342.00 540.00
524.00 540.00 1396.00 540.00
562.00 540.00 1358.00 540.00
518.00 540.00 1402.00 540.00
615.00 540.00 1305.00 540.00
587.00 540.00 1333.00 540.00
571.00 540.00 1349.00 540.00
587.00 540.00 1333.00 540.00
580.00 540.00 1340.00 540.00
615.00 540.00 1305.00 540.00
639.00 540.00 1281.00 540.00
669.00 540.00 1251.00 540.00
684.00 540.00 1236.00 540.00
681.00 539.50 1239.00 540.50
603.00 540.00 1317.00 540.00
527.00 540.00 1393.00 540.00
531.00 540.00 1389.00 540.00
576.00 540.00 1344.00 540.00
520.00 540.00 1400.00 540.00
570.00 540.00 1350.00 540.00
533.00 540.00 1387.00 540.00
593.00 540.00 1327.00 540.00
562.00 540.00 1358.00 540.00
557.00 540.00 1363.00 540.00
535.00 540.00 1385.00 540.00
562.00 540.00 1358.00 540.00
523.00 540.00 1397.00 540.00
671.00 540.00 1249.00 540.00
539.00 540.00 1381.00 540.00
518.00 540.00 1402.00 540.00
608.00 540.00 1312.00 540.00
527.00 540.00 1393.00 540.00
517.00 540.00 1403.00 540.00
517.00 540.00 1403.00 540.00
530.00 538.00 1390.00 542.00
523.00 435.50 1397.00 644.50
517.00 540.00 1403.00 540.00
518.00 526.00 1402.00 554.00
520.00 519.00 1400.00 561.00
521.00 538.50 1399.00 541.50
577.00 509.50 1343.00 570.50
518.00 509.50 1402.00 570.50
517.00 539.00 1403.00 541.00
519.00 438.00 1401.00 642.00
522.00 291.50 1398.00 788.50
562.00 299.50 1358.00 780.50
617.00 453.50 1303.00 626.50
543.00 402.50 1377.00 677.50
527.00 435.00 1393.00 645.00
524.00 522.00 1396.00 558.00
524.00 533.50 1396.00 546.50
523.00 537.50 1397.00 542.50
632.00 504.50 1288.00 575.50
518.00 538.50 1402.00 541.50
547.00 536.00 1373.00 544.00
551.00 535.50 1369.00 544.50
644.00 291.00 1276.00 789.00
538.00 306.00 1382.00 774.00
524.00 500.50 1396.00 579.50
568.00 499.00 1352.00 581.00
518.00 352.50 1402.00 727.50
525.00 534.50 1395.00 545.50
518.00 291.50 1402.00 788.50
518.00 363.00 1402.00 717.00
545.00 493.50 1375.00 586.50
560.00 324.00 1360.00 756.00
536.00 516.50 1384.00 563.50
555.00 301.50 1365.00 778.50
637.00 293.50 1283.00 786.50
518.00 350.50 1402.00 729.50
517.00 540.00 1403.00 540.00
517.00 539.50 1403.00 540.50
541.00 540.00 1379.00 540.00
517.00 460.00 1403.00 620.00
595.00 451.00 1325.00 629.00
523.00 290.50 1397.00 789.50
518.00 298.00 1402.00 782.00
564.00 451.00 1356.00 629.00
518.00 487.50 1402.00 592.50
546.00 290.50 1374.00 789.50
524.00 537.50 1396.00 542.50
532.00 292.00 1388.00 788.00
517.00 527.00 1403.00 553.00
518.00 457.00 1402.00 623.00
518.00 466.50 1402.00 613.50
517.00 438.00 1403.00 642.00
520.00 365.00 1400.00 715.00
522.00 538.50 1398.00 541.50
520.00 466.00 1400.00 614.00
518.00 498.00 1402.00 582.00
518.00 510.50 1402.00 569.50
568.00 510.00 1352.00 570.00
644.00 342.00 1276.00 738.00
526.00 338.00 1394.00 742.00
589.00 397.00 1331.00 683.00
531.00 522.00 1389.00 558.00
583.00 395.50 1337.00 684.50
521.00 501.50 1399.00 578.50
521.00 455.00 1399.00 625.00
518.00 519.00 1402.00 561.00
566.00 515.00 1354.00 565.00
517.00 539.50 1403.00 540.50
518.00 540.00 1402.00 540.00
585.00 538.00 1335.00 542.00
518.00 539.50 1402.00 540.50
524.00 540.00 1396.00 540.00
518.00 539.00 1402.00 541.00
517.00 540.00 1403.00 540.00
559.00 540.00 1361.00 540.00
518.00 540.00 1402.00 540.00
517.00 540.00 1403.00 540.00
517.00 540.00 1403.00 540.00
517.00 540.00 1403.00 540.00
531.00 539.00 1389.00 541.00
531.00 540.00 1389.00 540.00
517.00 540.00 1403.00 540.00
523.00 540.00 1397.00 540.00
517.00 540.00 1403.00 540.00
517.00 540.00 1403.00 540.00
519.00 540.00 1401.00 540.00
518.00 540.00 1402.00 540.00
517.00 540.00 1403.00 540.00
518.00 540.00 1402.00 540.00
561.00 540.00 1359.00 540.00
518.00 540.00 1402.00 540.00
540.00 540.00 1380.00 540.00
638.00 540.00 1282.00 540.00
620.00 540.00 1300.00 540.00
518.00 540.00 1402.00 540.00
518.00 540.00 1402.00 540.00
518.00 540.00 1402.00 540.00
517.00 540.00 1403.00 540.00
520.00 540.00 1400.00 540.00
517.00 540.00 1403.00 540.00
547.00 540.00 1373.00 540.00
668.00 540.00 1252.00 540.00
527.00 540.00 1393.00 540.00
519.00 540.00 1401.00 540.00
522.00 540.00 1398.00 540.00
527.00 540.00 1393.00 540.00
540.00 540.00 1380.00 540.00
527.00 540.00 1393.00 540.00
517.00 540.00 1403.00 540.00
599.00 540.00 1321.00 540.00
725.00 540.00 1195.00 540.00
522.00 540.00 1398.00 540.00
655.00 540.00 1265.00 540.00
602.00 299.50 1318.00 780.50
576.00 540.00 1344.00 540.00
541.00 540.00 1379.00 540.00
520.00 540.00 1400.00 540.00
518.00 540.00 1402.00 540.00
586.00 540.00 1334.00 540.00
550.00 540.00 1370.00 540.00
529.00 540.00 1391.00 540.00
570.00 540.00 1350.00 540.00
586.00 540.00 1334.00 540.00
641.00 540.00 1279.00 540.00
628.00 540.00 1292.00 540.00
559.00 540.00 1361.00 540.00
562.00 540.00 1358.00 540.00
524.00 540.00 1396.00 540.00
529.00 540.00 1391.00 540.00
559.00 540.00 1361.00 540.00
534.00 540.00 1386.00 540.00
523.00 540.00 1397.00 540.00
547.00 540.00 1373.00 540.00
518.00 540.00 1402.00 540.00
518.00 540.00 1402.00 540.00
518.00 540.00 1402.00 540.00
518.00 540.00 1402.00 540.00
519.00 540.00 1401.00 540.00
518.00 540.00 1402.00 540.00
517.00 540.00 1403.00 540.00
517.00 540.00 1403.00 540.00
517.00 540.00 1403.00 540.00
517.00 540.00 1403.00 540.00
517.00 540.00 1403.00 540.00
518.00 540.00 1402.00 540.00
518.00 540.00 1402.00 540.00
517.00 540.00 1403.00 540.00
518.00 540.00 1402.00 540.00
518.00 540.00 1402.00 540.00
517.00 540.00 1403.00 540.00
521.00 540.00 1399.00 540.00
517.00 540.00 1403.00 540.00
517.00 540.00 1403.00 540.00
524.00 540.00 1396.00 540.00
518.00 540.00 1402.00 540.00
548.00 540.00 1372.00 540.00
575.00 540.00 1345.00 540.00
523.00 540.00 1397.00 540.00
527.00 540.00 1393.00 540.00
529.00 540.00 1391.00 540.00
518.00 540.00 1402.00 540.00
529.00 540.00 1391.00 540.00
554.00 540.00 1366.00 540.00
622.00 540.00 1298.00 540.00
537.00 540.00 1383.00 540.00
598.00 540.00 1322.00 540.00
611.00 540.00 1309.00 540.00
518.00 540.00 1402.00 540.00
626.00 540.00 1294.00 540.00
592.00 540.00 1328.00 540.00
517.00 540.00 1403.00 540.00
517.00 540.00 1403.00 540.00
517.00 540.00 1403.00 540.00
517.00 540.00 1403.00 540.00
517.00 540.00 1403.00 540.00
517.00 540.00 1403.00 540.00
517.00 540.00 1403.00 540.00
520.00 377.00 1400.00 703.00
517.00 540.00 1403.00 540.00
517.00 540.00 1403.00 540.00
578.00 540.00 1342.00 540.00
517.00 539.50 1403.00 540.50
549.00 540.00 1371.00 540.00
518.00 540.00 1402.00 540.00
518.00 540.00 1402.00 540.00
517.00 540.00 1403.00 540.00
518.00 540.00 1402.00 540.00
517.00 540.00 1403.00 540.00
539.00 540.00 1381.00 540.00
528.00 540.00 1392.00 540.00
531.00 540.00 1389.00 540.00
521.00 535.50 1399.00 544.50
524.00 540.00 1396.00 540.00
518.00 539.50 1402.00 540.50
517.00 540.00 1403.00 540.00
