815.00 678.00 295.00 95.00
517.00 319.50 1403.00 760.50
517.00 291.00 1403.00 789.00
517.00 341.00 1403.00 739.00
517.00 456.00 1403.00 624.00
517.00 299.00 1403.00 781.00
517.00 540.00 1403.00 540.00
517.00 517.00 1403.00 563.00
517.00 540.00 1403.00 540.00
619.00 539.50 1301.00 540.50
517.00 293.50 1403.00 786.50
517.00 536.00 1403.00 544.00
517.00 295.50 1403.00 784.50
517.00 292.50 1403.00 787.50
517.00 293.50 1403.00 786.50
517.00 372.00 1403.00 708.00
518.00 291.50 1402.00 788.50
518.00 290.50 1402.00 789.50
517.00 292.00 1403.00 788.00
518.00 292.50 1402.00 787.50
517.00 290.50 1403.00 789.50
517.00 328.00 1403.00 752.00
517.00 416.50 1403.00 663.50
518.00 540.00 1402.00 540.00
521.00 382.50 1399.00 697.50
517.00 298.00 1403.00 782.00
517.00 537.00 1403.00 543.00
517.00 302.50 1403.00 777.50
517.00 447.00 1403.00 633.00
517.00 293.00 1403.00 787.00
517.00 292.50 1403.00 787.50
517.00 290.50 1403.00 789.50
517.00 303.00 1403.00 777.00
518.00 540.00 1402.00 540.00
517.00 540.00 1403.00 540.00
517.00 291.00 1403.00 789.00
518.00 508.50 1402.00 571.50
517.00 518.50 1403.00 561.50
517.00 449.50 1403.00 630.50
517.00 298.00 1403.00 782.00
519.00 432.50 1401.00 647.50
517.00 290.50 1403.00 789.50
517.00 293.50 1403.00 786.50
517.00 291.00 1403.00 789.00
517.00 290.50 1403.00 789.50
517.00 290.50 1403.00 789.50
518.00 290.50 1402.00 789.50
517.00 290.50 1403.00 789.50
517.00 292.50 1403.00 787.50
518.00 290.50 1402.00 789.50
518.00 532.50 1402.00 547.50
517.00 300.00 1403.00 780.00
517.00 327.50 1403.00 752.50
519.00 300.50 1401.00 779.50
518.00 505.50 1402.00 574.50
518.00 318.50 1402.00 761.50
523.00 290.50 1397.00 789.50
518.00 380.50 1402.00 699.50
529.00 292.50 1391.00 787.50
523.00 470.50 1397.00 609.50
517.00 473.00 1403.00 607.00
517.00 293.00 1403.00 787.00
517.00 291.50 1403.00 788.50
527.00 521.50 1393.00 558.50
517.00 474.50 1403.00 605.50
847.00 540.00 1073.00 540.00
518.00 540.00 1402.00 540.00
636.00 540.00 1284.00 540.00
530.00 501.50 1390.00 578.50
523.00 540.00 1397.00 540.00
535.00 458.50 1385.00 621.50
522.00 393.50 1398.00 686.50
521.00 540.00 1399.00 540.00
573.00 540.00 1347.00 540.00
608.00 540.00 1312.00 540.00
635.00 540.00 1285.00 540.00
518.00 540.00 1402.00 540.00
517.00 538.00 1403.00 542.00
517.00 313.00 1403.00 767.00
517.00 537.00 1403.00 543.00
518.00 342.00 1402.00 738.00
582.00 539.00 1338.00 541.00
551.00 445.50 1369.00 634.50
654.00 540.00 1266.00 540.00
518.00 539.00 1402.00 541.00
517.00 482.00 1403.00 598.00
517.00 540.00 1403.00 540.00
527.00 465.00 1393.00 615.00
648.00 540.00 1272.00 540.00
533.00 540.00 1387.00 540.00
614.00 538.00 1306.00 542.00
519.00 378.50 1401.00 701.50
524.00 538.00 1396.00 542.00
521.00 529.50 1399.00 550.50
519.00 502.00 1401.00 578.00
557.00 414.00 1363.00 666.00
535.00 389.50 1385.00 690.50
700.00 540.00 1220.00 540.00
549.00 540.00 1371.00 540.00
540.00 453.00 1380.00 627.00
527.00 343.00 1393.00 737.00
538.00 428.50 1382.00 651.50
521.00 527.00 1399.00 553.00
527.00 537.50 1393.00 542.50
560.00 334.00 1360.00 746.00
784.00 540.00 1136.00 540.00
824.00 540.00 1096.00 540.00
547.00 331.50 1373.00 748.50
587.00 434.00 1333.00 646.00
742.00 527.00 1178.00 553.00
612.00 382.00 1308.00 698.00
737.00 538.00 1183.00 542.00
581.00 347.00 1339.00 733.00
562.00 307.50 1358.00 772.50
541.00 307.00 1379.00 773.00
521.00 297.50 1399.00 782.50
529.00 296.50 1391.00 783.50
622.00 500.50 1298.00 579.50
923.50 540.00 996.50 540.00
909.50 540.00 1010.50 540.00
939.50 540.00 980.50 540.00
952.50 540.00 967.50 540.00
948.00 540.00 972.00 540.00
933.00 540.00 987.00 540.00
823.00 540.00 1097.00 540.00
626.00 354.50 1294.00 725.50
906.50 533.50 1013.50 546.50
706.00 540.00 1214.00 540.00
665.00 530.00 1255.00 550.00
571.00 299.50 1349.00 780.50
581.00 359.00 1339.00 721.00
610.00 479.00 1310.00 601.00
819.00 540.00 1101.00 540.00
833.00 540.00 1087.00 540.00
696.00 539.00 1224.00 541.00
578.00 354.50 1342.00 725.50
933.00 540.00 987.00 540.00
947.00 540.00 973.00 540.00
888.00 540.00 1032.00 540.00
786.00 540.00 1134.00 540.00
879.00 540.00 1041.00 540.00
843.00 539.50 1077.00 540.50
884.00 540.00 1036.00 540.00
861.00 540.00 1059.00 540.00
944.00 540.00 976.00 540.00
930.00 540.00 990.00 540.00
952.50 540.00 967.50 540.00
832.00 540.00 1088.00 540.00
858.00 463.50 1062.00 616.50
870.00 527.00 1050.00 553.00
832.00 440.50 1088.00 639.50
744.00 540.00 1176.00 540.00
851.00 539.50 1069.00 540.50
903.00 382.00 1017.00 698.00
743.00 351.00 1177.00 729.00
848.00 399.50 1072.00 680.50
833.00 528.50 1087.00 551.50
910.50 519.00 1009.50 561.00
720.00 300.50 1200.00 779.50
532.00 292.50 1388.00 787.50
558.00 291.00 1362.00 789.00
610.00 303.00 1310.00 777.00
730.00 367.00 1190.00 713.00
720.00 373.00 1200.00 707.00
845.00 466.00 1075.00 614.00
809.00 319.00 1111.00 761.00
951.50 540.00 968.50 540.00
844.00 499.00 1076.00 581.00
740.00 354.50 1180.00 725.50
561.00 316.50 1359.00 763.50
616.00 328.50 1304.00 751.50
676.00 346.00 1244.00 734.00
628.00 383.50 1292.00 696.50
910.50 539.00 1009.50 541.00
691.00 395.50 1229.00 684.50
716.00 445.50 1204.00 634.50
682.00 455.50 1238.00 624.50
642.00 386.50 1278.00 693.50
594.00 437.00 1326.00 643.00
663.00 418.50 1257.00 661.50
633.00 346.00 1287.00 734.00
682.00 389.50 1238.00 690.50
900.00 537.50 1020.00 542.50
750.00 534.50 1170.00 545.50
741.00 524.50 1179.00 555.50
884.00 540.00 1036.00 540.00
629.00 501.50 1291.00 578.50
760.00 443.50 1160.00 636.50
659.00 393.00 1261.00 687.00
823.00 528.00 1097.00 552.00
951.50 540.00 968.50 540.00
953.50 540.00 966.50 540.00
941.00 539.00 979.00 541.00
956.00 540.00 964.00 540.00
957.00 540.00 963.00 540.00
926.00 537.50 994.00 542.50
951.50 540.00 968.50 540.00
887.00 540.00 1033.00 540.00
939.50 540.00 980.50 540.00
903.00 540.00 1017.00 540.00
956.00 540.00 964.00 540.00
784.00 540.00 1136.00 540.00
806.00 540.00 1114.00 540.00
849.00 540.00 1071.00 540.00
902.00 540.00 1018.00 540.00
913.00 540.00 1007.00 540.00
873.00 540.00 1047.00 540.00
893.00 540.00 1027.00 540.00
708.00 540.00 1212.00 540.00
674.00 540.00 1246.00 540.00
727.00 540.00 1193.00 540.00
784.00 540.00 1136.00 540.00
628.00 539.50 1292.00 540.50
809.00 540.00 1111.00 540.00
816.00 540.00 1104.00 540.00
871.00 540.00 1049.00 540.00
925.50 540.00 994.50 540.00
916.00 539.50 1004.00 540.50
882.00 540.00 1038.00 540.00
673.00 538.00 1247.00 542.00
570.00 436.00 1350.00 644.00
814.00 534.00 1106.00 546.00
854.00 540.00 1066.00 540.00
915.00 540.00 1005.00 540.00
934.50 540.00 985.50 540.00
817.00 540.00 1103.00 540.00
519.00 324.50 1401.00 755.50
627.00 540.00 1293.00 540.00
533.00 536.50 1387.00 543.50
587.00 465.50 1333.00 614.50
521.00 373.50 1399.00 706.50
518.00 427.50 1402.00 652.50
517.00 466.00 1403.00 614.00
524.00 458.50 1396.00 621.50
915.00 540.00 1005.00 540.00
835.00 540.00 1085.00 540.00
733.00 527.00 1187.00 553.00
517.00 425.50 1403.00 654.50
535.00 496.00 1385.00 584.00
680.00 540.00 1240.00 540.00
589.00 540.00 1331.00 540.00
771.00 540.00 1149.00 540.00
713.00 538.00 1207.00 542.00
767.00 540.00 1153.00 540.00
579.00 539.50 1341.00 540.50
658.00 538.50 1262.00 541.50
673.00 540.00 1247.00 540.00
688.00 540.00 1232.00 540.00
741.00 540.00 1179.00 540.00
605.00 538.00 1315.00 542.00
757.00 540.00 1163.00 540.00
586.00 540.00 1334.00 540.00
628.00 540.00 1292.00 540.00
699.00 540.00 1221.00 540.00
811.00 540.00 1109.00 540.00
801.00 540.00 1119.00 540.00
743.00 540.00 1177.00 540.00
770.00 540.00 1150.00 540.00
842.00 540.00 1078.00 540.00
591.00 540.00 1329.00 540.00
526.00 529.00 1394.00 551.00
684.00 540.00 1236.00 540.00
540.00 537.00 1380.00 543.00
717.00 540.00 1203.00 540.00
807.00 540.00 1113.00 540.00
530.00 537.00 1390.00 543.00
544.00 455.50 1376.00 624.50
523.00 453.00 1397.00 627.00
803.00 540.00 1117.00 540.00
538.00 405.00 1382.00 675.00
741.00 519.00 1179.00 561.00
857.00 540.00 1063.00 540.00
557.00 540.00 1363.00 540.00
726.00 540.00 1194.00 540.00
533.00 407.00 1387.00 673.00
654.00 331.50 1266.00 748.50
521.00 536.50 1399.00 543.50
545.00 348.50 1375.00 731.50
578.00 327.00 1342.00 753.00
517.00 305.50 1403.00 774.50
547.00 457.50 1373.00 622.50
533.00 411.00 1387.00 669.00
574.00 375.50 1346.00 704.50
694.00 540.00 1226.00 540.00
603.00 446.00 1317.00 634.00
570.00 308.00 1350.00 772.00
641.00 469.50 1279.00 610.50
622.00 394.50 1298.00 685.50
670.00 533.50 1250.00 546.50
518.00 428.00 1402.00 652.00
668.00 540.00 1252.00 540.00
656.00 417.50 1264.00 662.50
522.00 532.50 1398.00 547.50
536.00 524.00 1384.00 556.00
655.00 526.50 1265.00 553.50
573.00 319.00 1347.00 761.00
552.00 305.00 1368.00 775.00
608.00 528.50 1312.00 551.50
640.00 348.50 1280.00 731.50
613.00 393.00 1307.00 687.00
