906.00 629.00 200.00 137.00
635.00 538.00 1285.00 542.00
522.00 536.50 1398.00 543.50
574.00 540.00 1346.00 540.00
527.00 290.50 1393.00 789.50
562.00 292.50 1358.00 787.50
542.00 353.50 1378.00 726.50
523.00 489.50 1397.00 590.50
652.00 350.00 1268.00 730.00
606.00 445.00 1314.00 635.00
630.00 540.00 1290.00 540.00
518.00 540.00 1402.00 540.00
656.00 476.50 1264.00 603.50
934.50 540.00 985.50 540.00
590.00 316.00 1330.00 764.00
611.00 339.00 1309.00 741.00
749.00 503.50 1171.00 576.50
580.00 540.00 1340.00 540.00
572.00 540.00 1348.00 540.00
543.00 540.00 1377.00 540.00
517.00 540.00 1403.00 540.00
549.00 540.00 1371.00 540.00
590.00 540.00 1330.00 540.00
654.00 537.00 1266.00 543.00
521.00 291.50 1399.00 788.50
555.00 290.50 1365.00 789.50
676.00 290.50 1244.00 789.50
670.00 311.00 1250.00 769.00
694.00 329.50 1226.00 750.50
628.00 355.50 1292.00 724.50
525.00 469.00 1395.00 611.00
598.00 402.50 1322.00 677.50
521.00 294.50 1399.00 785.50
553.00 290.50 1367.00 789.50
541.00 291.00 1379.00 789.00
629.00 324.50 1291.00 755.50
540.00 290.50 1380.00 789.50
520.00 290.50 1400.00 789.50
550.00 540.00 1370.00 540.00
762.00 537.00 1158.00 543.00
517.00 540.00 1403.00 540.00
705.00 539.00 1215.00 541.00
585.00 394.50 1335.00 685.50
793.00 325.50 1127.00 754.50
518.00 539.00 1402.00 541.00
519.00 539.50 1401.00 540.50
797.00 540.00 1123.00 540.00
520.00 512.00 1400.00 568.00
589.00 315.50 1331.00 764.50
519.00 338.50 1401.00 741.50
518.00 291.00 1402.00 789.00
714.00 313.00 1206.00 767.00
623.00 299.00 1297.00 781.00
518.00 540.00 1402.00 540.00
748.00 540.00 1172.00 540.00
582.00 540.00 1338.00 540.00
523.00 540.00 1397.00 540.00
580.00 322.50 1340.00 757.50
571.00 538.00 1349.00 542.00
716.00 540.00 1204.00 540.00
517.00 540.00 1403.00 540.00
524.00 540.00 1396.00 540.00
581.00 540.00 1339.00 540.00
639.00 538.50 1281.00 541.50
568.00 451.50 1352.00 628.50
552.00 315.00 1368.00 765.00
557.00 290.50 1363.00 789.50
640.00 290.50 1280.00 789.50
635.00 290.50 1285.00 789.50
657.00 294.50 1263.00 785.50
662.00 290.50 1258.00 789.50
540.00 290.50 1380.00 789.50
676.00 290.50 1244.00 789.50
608.00 535.50 1312.00 544.50
692.00 538.00 1228.00 542.00
595.00 340.50 1325.00 739.50
647.00 511.00 1273.00 569.00
621.00 540.00 1299.00 540.00
589.00 489.50 1331.00 590.50
622.00 540.00 1298.00 540.00
517.00 540.00 1403.00 540.00
517.00 540.00 1403.00 540.00
681.00 539.00 1239.00 541.00
541.00 320.00 1379.00 760.00
603.00 291.00 1317.00 789.00
545.00 290.50 1375.00 789.50
661.00 290.50 1259.00 789.50
518.00 290.50 1402.00 789.50
578.00 291.50 1342.00 788.50
910.50 290.50 1009.50 789.50
688.00 292.00 1232.00 788.00
646.00 290.50 1274.00 789.50
659.00 290.50 1261.00 789.50
819.00 290.50 1101.00 789.50
692.00 290.50 1228.00 789.50
832.00 290.50 1088.00 789.50
773.00 290.50 1147.00 789.50
668.00 290.50 1252.00 789.50
735.00 290.50 1185.00 789.50
704.00 290.50 1216.00 789.50
946.00 290.50 974.00 789.50
608.00 290.50 1312.00 789.50
738.00 290.50 1182.00 789.50
939.50 290.50 980.50 789.50
706.00 290.50 1214.00 789.50
729.00 290.50 1191.00 789.50
676.00 290.50 1244.00 789.50
609.00 290.50 1311.00 789.50
536.00 290.50 1384.00 789.50
575.00 290.50 1345.00 789.50
533.00 290.50 1387.00 789.50
522.00 290.50 1398.00 789.50
532.00 290.50 1388.00 789.50
600.00 290.50 1320.00 789.50
589.00 290.50 1331.00 789.50
618.00 290.50 1302.00 789.50
641.00 290.50 1279.00 789.50
734.00 290.50 1186.00 789.50
673.00 290.50 1247.00 789.50
680.00 290.50 1240.00 789.50
677.00 290.50 1243.00 789.50
699.00 290.50 1221.00 789.50
665.00 290.50 1255.00 789.50
600.00 290.50 1320.00 789.50
656.00 290.50 1264.00 789.50
636.00 290.50 1284.00 789.50
616.00 290.50 1304.00 789.50
621.00 290.50 1299.00 789.50
627.00 290.50 1293.00 789.50
612.00 290.50 1308.00 789.50
578.00 290.50 1342.00 789.50
698.00 290.50 1222.00 789.50
680.00 290.50 1240.00 789.50
550.00 290.50 1370.00 789.50
547.00 290.50 1373.00 789.50
521.00 290.50 1399.00 789.50
567.00 290.50 1353.00 789.50
533.00 290.50 1387.00 789.50
621.00 290.50 1299.00 789.50
584.00 290.50 1336.00 789.50
517.00 290.50 1403.00 789.50
517.00 292.00 1403.00 788.00
535.00 290.50 1385.00 789.50
627.00 292.00 1293.00 788.00
576.00 291.00 1344.00 789.00
612.00 300.50 1308.00 779.50
578.00 291.00 1342.00 789.00
520.00 295.00 1400.00 785.00
595.00 340.50 1325.00 739.50
608.00 294.50 1312.00 785.50
537.00 414.00 1383.00 666.00
548.00 316.50 1372.00 763.50
538.00 338.50 1382.00 741.50
620.00 295.00 1300.00 785.00
724.00 292.00 1196.00 788.00
636.00 290.50 1284.00 789.50
712.00 291.50 1208.00 788.50
858.00 290.50 1062.00 789.50
593.00 290.50 1327.00 789.50
612.00 290.50 1308.00 789.50
562.00 439.00 1358.00 641.00
601.00 327.50 1319.00 752.50
687.00 290.50 1233.00 789.50
588.00 422.00 1332.00 658.00
640.00 520.00 1280.00 560.00
542.00 496.00 1378.00 584.00
810.00 540.00 1110.00 540.00
563.00 539.00 1357.00 541.00
717.00 540.00 1203.00 540.00
532.00 539.50 1388.00 540.50
517.00 540.00 1403.00 540.00
622.00 539.50 1298.00 540.50
569.00 538.00 1351.00 542.00
517.00 540.00 1403.00 540.00
523.00 527.50 1397.00 552.50
613.00 296.50 1307.00 783.50
538.00 291.00 1382.00 789.00
735.00 290.50 1185.00 789.50
578.00 303.00 1342.00 777.00
631.00 517.00 1289.00 563.00
664.00 291.50 1256.00 788.50
595.00 320.00 1325.00 760.00
636.00 290.50 1284.00 789.50
614.00 290.50 1306.00 789.50
527.00 297.50 1393.00 782.50
572.00 294.50 1348.00 785.50
680.00 290.50 1240.00 789.50
559.00 292.50 1361.00 787.50
586.00 307.50 1334.00 772.50
643.00 293.00 1277.00 787.00
607.00 290.50 1313.00 789.50
726.00 454.00 1194.00 626.00
696.00 291.00 1224.00 789.00
673.00 290.50 1247.00 789.50
772.00 290.50 1148.00 789.50
659.00 290.50 1261.00 789.50
587.00 290.50 1333.00 789.50
693.00 290.50 1227.00 789.50
596.00 290.50 1324.00 789.50
676.00 290.50 1244.00 789.50
612.00 290.50 1308.00 789.50
712.00 291.50 1208.00 788.50
672.00 290.50 1248.00 789.50
712.00 290.50 1208.00 789.50
677.00 290.50 1243.00 789.50
709.00 290.50 1211.00 789.50
666.00 290.50 1254.00 789.50
697.00 290.50 1223.00 789.50
695.00 290.50 1225.00 789.50
622.00 290.50 1298.00 789.50
671.00 292.00 1249.00 788.00
645.00 290.50 1275.00 789.50
604.00 293.00 1316.00 787.00
575.00 290.50 1345.00 789.50
668.00 290.50 1252.00 789.50
633.00 290.50 1287.00 789.50
531.00 290.50 1389.00 789.50
673.00 290.50 1247.00 789.50
545.00 299.50 1375.00 780.50
558.00 290.50 1362.00 789.50
573.00 309.50 1347.00 770.50
750.00 290.50 1170.00 789.50
780.00 333.00 1140.00 747.00
660.00 290.50 1260.00 789.50
735.00 298.50 1185.00 781.50
666.00 290.50 1254.00 789.50
668.00 290.50 1252.00 789.50
654.00 290.50 1266.00 789.50
641.00 290.50 1279.00 789.50
613.00 290.50 1307.00 789.50
629.00 290.50 1291.00 789.50
674.00 290.50 1246.00 789.50
683.00 290.50 1237.00 789.50
663.00 290.50 1257.00 789.50
578.00 290.50 1342.00 789.50
701.00 290.50 1219.00 789.50
613.00 290.50 1307.00 789.50
646.00 290.50 1274.00 789.50
696.00 290.50 1224.00 789.50
629.00 290.50 1291.00 789.50
717.00 290.50 1203.00 789.50
642.00 290.50 1278.00 789.50
725.00 290.50 1195.00 789.50
692.00 290.50 1228.00 789.50
697.00 290.50 1223.00 789.50
638.00 290.50 1282.00 789.50
668.00 290.50 1252.00 789.50
542.00 290.50 1378.00 789.50
701.00 290.50 1219.00 789.50
674.00 290.50 1246.00 789.50
697.00 290.50 1223.00 789.50
640.00 290.50 1280.00 789.50
708.00 290.50 1212.00 789.50
597.00 290.50 1323.00 789.50
569.00 290.50 1351.00 789.50
600.00 291.00 1320.00 789.00
693.00 290.50 1227.00 789.50
686.00 290.50 1234.00 789.50
665.00 290.50 1255.00 789.50
698.00 290.50 1222.00 789.50
675.00 290.50 1245.00 789.50
745.00 290.50 1175.00 789.50
623.00 290.50 1297.00 789.50
745.00 290.50 1175.00 789.50
707.00 290.50 1213.00 789.50
652.00 290.50 1268.00 789.50
623.00 290.50 1297.00 789.50
700.00 290.50 1220.00 789.50
656.00 291.00 1264.00 789.00
628.00 290.50 1292.00 789.50
718.00 290.50 1202.00 789.50
715.00 290.50 1205.00 789.50
692.00 290.50 1228.00 789.50
715.00 290.50 1205.00 789.50
647.00 290.50 1273.00 789.50
754.00 290.50 1166.00 789.50
703.00 290.50 1217.00 789.50
674.00 290.50 1246.00 789.50
629.00 290.50 1291.00 789.50
680.00 290.50 1240.00 789.50
763.00 290.50 1157.00 789.50
789.00 290.50 1131.00 789.50
686.00 290.50 1234.00 789.50
638.00 290.50 1282.00 789.50
704.00 290.50 1216.00 789.50
742.00 290.50 1178.00 789.50
588.00 290.50 1332.00 789.50
683.00 290.50 1237.00 789.50
656.00 290.50 1264.00 789.50
658.00 290.50 1262.00 789.50
758.00 290.50 1162.00 789.50
680.00 290.50 1240.00 789.50
624.00 290.50 1296.00 789.50
673.00 290.50 1247.00 789.50
662.00 290.50 1258.00 789.50
693.00 290.50 1227.00 789.50
569.00 290.50 1351.00 789.50
680.00 290.50 1240.00 789.50
737.00 290.50 1183.00 789.50
657.00 290.50 1263.00 789.50
