904.00 671.00 210.00 158.00
936.50 540.00 983.50 540.00
942.00 540.00 978.00 540.00
960.00 540.00 960.00 540.00
958.00 540.00 962.00 540.00
795.00 540.00 1125.00 540.00
943.00 540.00 977.00 540.00
950.50 540.00 969.50 540.00
960.00 540.00 960.00 540.00
833.00 540.00 1087.00 540.00
792.00 540.00 1128.00 540.00
674.00 540.00 1246.00 540.00
856.00 540.00 1064.00 540.00
829.00 540.00 1091.00 540.00
915.00 540.00 1005.00 540.00
945.00 540.00 975.00 540.00
955.50 540.00 964.50 540.00
932.00 528.50 988.00 551.50
802.00 540.00 1118.00 540.00
910.50 540.00 1009.50 540.00
918.00 539.00 1002.00 541.00
877.00 540.00 1043.00 540.00
729.00 540.00 1191.00 540.00
892.00 540.00 1028.00 540.00
736.00 538.00 1184.00 542.00
547.00 540.00 1373.00 540.00
592.00 540.00 1328.00 540.00
911.00 540.00 1009.00 540.00
904.50 540.00 1015.50 540.00
956.00 540.00 964.00 540.00
959.00 540.00 961.00 540.00
940.50 540.00 979.50 540.00
959.00 540.00 961.00 540.00
918.00 540.00 1002.00 540.00
940.50 540.00 979.50 540.00
959.00 540.00 961.00 540.00
959.00 540.00 961.00 540.00
953.50 540.00 966.50 540.00
948.00 540.00 972.00 540.00
591.00 540.00 1329.00 540.00
960.00 540.00 960.00 540.00
532.00 540.00 1388.00 540.00
884.00 540.00 1036.00 540.00
950.50 540.00 969.50 540.00
943.00 540.00 977.00 540.00
723.00 540.00 1197.00 540.00
874.00 540.00 1046.00 540.00
720.00 540.00 1200.00 540.00
518.00 540.00 1402.00 540.00
828.00 540.00 1092.00 540.00
943.00 540.00 977.00 540.00
517.00 540.00 1403.00 540.00
934.00 527.50 986.00 552.50
548.00 540.00 1372.00 540.00
549.00 534.50 1371.00 545.50
517.00 337.50 1403.00 742.50
518.00 540.00 1402.00 540.00
778.00 526.00 1142.00 554.00
608.00 540.00 1312.00 540.00
879.00 540.00 1041.00 540.00
622.00 423.00 1298.00 657.00
662.00 291.00 1258.00 789.00
566.00 540.00 1354.00 540.00
536.00 502.00 1384.00 578.00
520.00 540.00 1400.00 540.00
522.00 540.00 1398.00 540.00
517.00 540.00 1403.00 540.00
518.00 540.00 1402.00 540.00
517.00 532.50 1403.00 547.50
524.00 539.50 1396.00 540.50
715.00 540.00 1205.00 540.00
829.00 540.00 1091.00 540.00
691.00 540.00 1229.00 540.00
548.00 539.50 1372.00 540.50
533.00 456.50 1387.00 623.50
934.50 540.00 985.50 540.00
717.00 314.00 1203.00 766.00
677.00 290.50 1243.00 789.50
947.00 291.50 973.00 788.50
916.00 539.50 1004.00 540.50
960.00 540.00 960.00 540.00
949.50 540.00 970.50 540.00
772.00 536.50 1148.00 543.50
696.00 540.00 1224.00 540.00
929.00 540.00 991.00 540.00
812.00 308.00 1108.00 772.00
947.00 540.00 973.00 540.00
870.00 539.50 1050.00 540.50
911.00 540.00 1009.00 540.00
918.00 540.00 1002.00 540.00
949.50 540.00 970.50 540.00
885.00 290.50 1035.00 789.50
949.50 412.00 970.50 668.00
556.00 540.00 1364.00 540.00
946.00 540.00 974.00 540.00
928.00 540.00 992.00 540.00
937.50 540.00 982.50 540.00
934.00 536.00 986.00 544.00
928.00 330.00 992.00 750.00
918.00 540.00 1002.00 540.00
704.00 540.00 1216.00 540.00
892.00 540.00 1028.00 540.00
791.00 489.50 1129.00 590.50
706.00 302.00 1214.00 778.00
828.00 290.50 1092.00 789.50
856.00 290.50 1064.00 789.50
660.00 341.50 1260.00 738.50
797.00 290.50 1123.00 789.50
947.00 307.00 973.00 773.00
879.00 290.50 1041.00 789.50
801.00 290.50 1119.00 789.50
647.00 290.50 1273.00 789.50
769.00 290.50 1151.00 789.50
687.00 290.50 1233.00 789.50
808.00 290.50 1112.00 789.50
694.00 291.50 1226.00 788.50
752.00 290.50 1168.00 789.50
698.00 290.50 1222.00 789.50
676.00 290.50 1244.00 789.50
615.00 290.50 1305.00 789.50
604.00 322.00 1316.00 758.00
735.00 326.00 1185.00 754.00
666.00 290.50 1254.00 789.50
640.00 290.50 1280.00 789.50
698.00 300.50 1222.00 779.50
822.00 540.00 1098.00 540.00
839.00 290.50 1081.00 789.50
939.50 295.00 980.50 785.00
819.00 290.50 1101.00 789.50
884.00 290.50 1036.00 789.50
851.00 290.50 1069.00 789.50
897.00 290.50 1023.00 789.50
959.00 290.50 961.00 789.50
781.00 290.50 1139.00 789.50
937.50 290.50 982.50 789.50
871.00 290.50 1049.00 789.50
852.00 338.50 1068.00 741.50
589.00 398.50 1331.00 681.50
924.50 540.00 995.50 540.00
958.00 540.00 962.00 540.00
946.00 540.00 974.00 540.00
914.00 540.00 1006.00 540.00
960.00 540.00 960.00 540.00
948.00 540.00 972.00 540.00
935.50 291.00 984.50 789.00
958.00 290.50 962.00 789.50
934.00 540.00 986.00 540.00
957.00 537.00 963.00 543.00
949.50 537.50 970.50 542.50
741.00 290.50 1179.00 789.50
934.50 290.50 985.50 789.50
629.00 290.50 1291.00 789.50
806.00 290.50 1114.00 789.50
825.00 290.50 1095.00 789.50
952.50 290.50 967.50 789.50
802.00 291.00 1118.00 789.00
653.00 290.50 1267.00 789.50
936.50 290.50 983.50 789.50
569.00 295.50 1351.00 784.50
892.00 290.50 1028.00 789.50
517.00 333.50 1403.00 746.50
585.00 291.00 1335.00 789.00
707.00 290.50 1213.00 789.50
638.00 290.50 1282.00 789.50
601.00 290.50 1319.00 789.50
630.00 290.50 1290.00 789.50
659.00 290.50 1261.00 789.50
708.00 290.50 1212.00 789.50
560.00 291.00 1360.00 789.00
610.00 290.50 1310.00 789.50
689.00 427.50 1231.00 652.50
626.00 292.00 1294.00 788.00
572.00 290.50 1348.00 789.50
593.00 290.50 1327.00 789.50
638.00 290.50 1282.00 789.50
607.00 290.50 1313.00 789.50
600.00 290.50 1320.00 789.50
663.00 290.50 1257.00 789.50
622.00 290.50 1298.00 789.50
623.00 290.50 1297.00 789.50
839.00 293.00 1081.00 787.00
622.00 291.50 1298.00 788.50
531.00 290.50 1389.00 789.50
559.00 290.50 1361.00 789.50
647.00 290.50 1273.00 789.50
671.00 290.50 1249.00 789.50
700.00 290.50 1220.00 789.50
540.00 290.50 1380.00 789.50
663.00 290.50 1257.00 789.50
573.00 293.50 1347.00 786.50
885.00 290.50 1035.00 789.50
807.00 290.50 1113.00 789.50
630.00 291.00 1290.00 789.00
732.00 290.50 1188.00 789.50
908.50 290.50 1011.50 789.50
623.00 291.50 1297.00 788.50
617.00 290.50 1303.00 789.50
628.00 290.50 1292.00 789.50
941.00 290.50 979.00 789.50
866.00 290.50 1054.00 789.50
682.00 290.50 1238.00 789.50
637.00 296.50 1283.00 783.50
576.00 290.50 1344.00 789.50
643.00 290.50 1277.00 789.50
680.00 290.50 1240.00 789.50
545.00 314.00 1375.00 766.00
658.00 290.50 1262.00 789.50
553.00 311.50 1367.00 768.50
655.00 295.50 1265.00 784.50
655.00 540.00 1265.00 540.00
717.00 290.50 1203.00 789.50
690.00 290.50 1230.00 789.50
690.00 290.50 1230.00 789.50
894.00 290.50 1026.00 789.50
795.00 290.50 1125.00 789.50
934.50 290.50 985.50 789.50
906.50 290.50 1013.50 789.50
741.00 290.50 1179.00 789.50
780.00 290.50 1140.00 789.50
847.00 290.50 1073.00 789.50
949.00 290.50 971.00 789.50
908.50 290.50 1011.50 789.50
579.00 290.50 1341.00 789.50
592.00 295.00 1328.00 785.00
770.00 291.00 1150.00 789.00
859.00 533.00 1061.00 547.00
620.00 493.50 1300.00 586.50
652.00 291.00 1268.00 789.00
929.00 540.00 991.00 540.00
960.00 540.00 960.00 540.00
945.00 540.00 975.00 540.00
841.00 296.00 1079.00 784.00
772.00 290.50 1148.00 789.50
616.00 293.00 1304.00 787.00
598.00 356.50 1322.00 723.50
875.00 295.50 1045.00 784.50
896.00 315.50 1024.00 764.50
947.00 540.00 973.00 540.00
659.00 320.50 1261.00 759.50
891.00 540.00 1029.00 540.00
933.00 540.00 987.00 540.00
731.00 540.00 1189.00 540.00
521.00 540.00 1399.00 540.00
894.00 540.00 1026.00 540.00
757.00 540.00 1163.00 540.00
597.00 540.00 1323.00 540.00
538.00 540.00 1382.00 540.00
951.50 540.00 968.50 540.00
648.00 540.00 1272.00 540.00
809.00 540.00 1111.00 540.00
870.00 540.00 1050.00 540.00
960.00 540.00 960.00 540.00
949.50 540.00 970.50 540.00
951.50 540.00 968.50 540.00
861.00 540.00 1059.00 540.00
941.00 540.00 979.00 540.00
809.00 516.50 1111.00 563.50
956.00 540.00 964.00 540.00
947.00 540.00 973.00 540.00
802.00 540.00 1118.00 540.00
881.00 540.00 1039.00 540.00
949.00 540.00 971.00 540.00
857.00 540.00 1063.00 540.00
807.00 540.00 1113.00 540.00
959.00 540.00 961.00 540.00
904.00 540.00 1016.00 540.00
713.00 488.00 1207.00 592.00
674.00 291.50 1246.00 788.50
955.50 540.00 964.50 540.00
552.00 465.50 1368.00 614.50
525.00 413.00 1395.00 667.00
958.00 306.50 962.00 773.50
956.00 290.50 964.00 789.50
807.00 290.50 1113.00 789.50
803.00 290.50 1117.00 789.50
891.00 513.50 1029.00 566.50
681.00 540.00 1239.00 540.00
946.00 540.00 974.00 540.00
958.00 540.00 962.00 540.00
517.00 540.00 1403.00 540.00
953.50 536.50 966.50 543.50
949.50 540.00 970.50 540.00
712.00 290.50 1208.00 789.50
733.00 290.50 1187.00 789.50
908.50 290.50 1011.50 789.50
878.00 291.50 1042.00 788.50
532.00 485.00 1388.00 595.00
625.00 540.00 1295.00 540.00
532.00 515.50 1388.00 564.50
518.00 540.00 1402.00 540.00
852.00 540.00 1068.00 540.00
796.00 302.50 1124.00 777.50
607.00 291.00 1313.00 789.00
912.00 540.00 1008.00 540.00
693.00 380.50 1227.00 699.50
682.00 322.00 1238.00 758.00
795.00 335.00 1125.00 745.00
672.00 533.00 1248.00 547.00
716.00 540.00 1204.00 540.00
707.00 540.00 1213.00 540.00
