729.00 673.00 312.00 81.00
517.00 449.50 1403.00 630.50
517.00 472.00 1403.00 608.00
517.00 375.00 1403.00 705.00
517.00 313.00 1403.00 767.00
517.00 305.50 1403.00 774.50
517.00 354.00 1403.00 726.00
517.00 300.00 1403.00 780.00
517.00 298.50 1403.00 781.50
517.00 299.50 1403.00 780.50
517.00 303.00 1403.00 777.00
517.00 293.00 1403.00 787.00
517.00 305.50 1403.00 774.50
517.00 310.00 1403.00 770.00
517.00 306.00 1403.00 774.00
517.00 302.50 1403.00 777.50
517.00 293.00 1403.00 787.00
517.00 292.50 1403.00 787.50
517.00 332.00 1403.00 748.00
517.00 290.50 1403.00 789.50
517.00 290.50 1403.00 789.50
517.00 299.00 1403.00 781.00
517.00 291.00 1403.00 789.00
517.00 291.50 1403.00 788.50
517.00 310.00 1403.00 770.00
517.00 293.50 1403.00 786.50
517.00 291.50 1403.00 788.50
518.00 290.50 1402.00 789.50
517.00 291.00 1403.00 789.00
517.00 291.50 1403.00 788.50
517.00 291.50 1403.00 788.50
517.00 291.00 1403.00 789.00
517.00 292.00 1403.00 788.00
517.00 295.00 1403.00 785.00
517.00 296.50 1403.00 783.50
517.00 290.50 1403.00 789.50
517.00 290.50 1403.00 789.50
517.00 290.50 1403.00 789.50
517.00 290.50 1403.00 789.50
517.00 290.50 1403.00 789.50
517.00 291.00 1403.00 789.00
517.00 297.50 1403.00 782.50
517.00 290.50 1403.00 789.50
517.00 290.50 1403.00 789.50
517.00 290.50 1403.00 789.50
517.00 292.00 1403.00 788.00
518.00 290.50 1402.00 789.50
517.00 290.50 1403.00 789.50
518.00 301.50 1402.00 778.50
518.00 290.50 1402.00 789.50
518.00 291.50 1402.00 788.50
518.00 290.50 1402.00 789.50
517.00 291.50 1403.00 788.50
519.00 290.50 1401.00 789.50
522.00 291.00 1398.00 789.00
520.00 292.50 1400.00 787.50
518.00 297.00 1402.00 783.00
517.00 290.50 1403.00 789.50
517.00 291.00 1403.00 789.00
517.00 290.50 1403.00 789.50
517.00 290.50 1403.00 789.50
517.00 290.50 1403.00 789.50
517.00 291.50 1403.00 788.50
517.00 290.50 1403.00 789.50
517.00 291.00 1403.00 789.00
517.00 293.50 1403.00 786.50
517.00 304.00 1403.00 776.00
517.00 310.50 1403.00 769.50
517.00 318.50 1403.00 761.50
517.00 299.00 1403.00 781.00
517.00 290.50 1403.00 789.50
517.00 290.50 1403.00 789.50
517.00 290.50 1403.00 789.50
517.00 290.50 1403.00 789.50
517.00 290.50 1403.00 789.50
518.00 290.50 1402.00 789.50
517.00 343.50 1403.00 736.50
518.00 292.00 1402.00 788.00
517.00 291.00 1403.00 789.00
518.00 290.50 1402.00 789.50
521.00 293.00 1399.00 787.00
518.00 298.00 1402.00 782.00
518.00 329.00 1402.00 751.00
517.00 309.00 1403.00 771.00
517.00 291.00 1403.00 789.00
517.00 292.00 1403.00 788.00
518.00 290.50 1402.00 789.50
522.00 290.50 1398.00 789.50
517.00 290.50 1403.00 789.50
517.00 292.00 1403.00 788.00
517.00 293.50 1403.00 786.50
517.00 292.00 1403.00 788.00
517.00 292.00 1403.00 788.00
518.00 290.50 1402.00 789.50
520.00 290.50 1400.00 789.50
518.00 290.50 1402.00 789.50
517.00 290.50 1403.00 789.50
517.00 290.50 1403.00 789.50
517.00 290.50 1403.00 789.50
517.00 290.50 1403.00 789.50
517.00 290.50 1403.00 789.50
517.00 290.50 1403.00 789.50
517.00 290.50 1403.00 789.50
517.00 290.50 1403.00 789.50
517.00 291.50 1403.00 788.50
517.00 339.50 1403.00 740.50
517.00 328.00 1403.00 752.00
517.00 296.00 1403.00 784.00
517.00 310.50 1403.00 769.50
518.00 298.00 1402.00 782.00
517.00 291.00 1403.00 789.00
517.00 290.50 1403.00 789.50
517.00 290.50 1403.00 789.50
517.00 290.50 1403.00 789.50
517.00 290.50 1403.00 789.50
517.00 291.50 1403.00 788.50
518.00 291.00 1402.00 789.00
518.00 290.50 1402.00 789.50
518.00 291.00 1402.00 789.00
517.00 290.50 1403.00 789.50
518.00 291.50 1402.00 788.50
517.00 297.50 1403.00 782.50
517.00 296.00 1403.00 784.00
517.00 294.50 1403.00 785.50
517.00 292.00 1403.00 788.00
517.00 303.00 1403.00 777.00
517.00 291.50 1403.00 788.50
517.00 291.00 1403.00 789.00
517.00 292.50 1403.00 787.50
517.00 290.50 1403.00 789.50
517.00 540.00 1403.00 540.00
517.00 540.00 1403.00 540.00
518.00 540.00 1402.00 540.00
517.00 538.00 1403.00 542.00
517.00 376.50 1403.00 703.50
517.00 291.00 1403.00 789.00
518.00 295.00 1402.00 785.00
517.00 300.50 1403.00 779.50
518.00 290.50 1402.00 789.50
518.00 291.00 1402.00 789.00
517.00 291.50 1403.00 788.50
518.00 300.50 1402.00 779.50
517.00 290.50 1403.00 789.50
517.00 291.00 1403.00 789.00
517.00 290.50 1403.00 789.50
517.00 290.50 1403.00 789.50
517.00 290.50 1403.00 789.50
521.00 290.50 1399.00 789.50
517.00 290.50 1403.00 789.50
522.00 290.50 1398.00 789.50
517.00 309.00 1403.00 771.00
518.00 452.50 1402.00 627.50
519.00 519.00 1401.00 561.00
518.00 345.00 1402.00 735.00
517.00 409.50 1403.00 670.50
517.00 339.50 1403.00 740.50
518.00 293.00 1402.00 787.00
518.00 290.50 1402.00 789.50
523.00 290.50 1397.00 789.50
517.00 292.50 1403.00 787.50
517.00 292.50 1403.00 787.50
517.00 298.50 1403.00 781.50
518.00 293.50 1402.00 786.50
517.00 537.00 1403.00 543.00
518.00 301.00 1402.00 779.00
517.00 471.50 1403.00 608.50
517.00 514.00 1403.00 566.00
517.00 540.00 1403.00 540.00
518.00 294.50 1402.00 785.50
518.00 298.50 1402.00 781.50
517.00 292.50 1403.00 787.50
517.00 333.50 1403.00 746.50
526.00 299.50 1394.00 780.50
517.00 406.00 1403.00 674.00
517.00 539.50 1403.00 540.50
517.00 540.00 1403.00 540.00
517.00 540.00 1403.00 540.00
517.00 539.00 1403.00 541.00
517.00 291.00 1403.00 789.00
518.00 320.50 1402.00 759.50
517.00 302.50 1403.00 777.50
517.00 300.00 1403.00 780.00
521.00 292.50 1399.00 787.50
520.00 296.00 1400.00 784.00
517.00 321.50 1403.00 758.50
517.00 360.00 1403.00 720.00
518.00 396.00 1402.00 684.00
517.00 539.00 1403.00 541.00
517.00 334.00 1403.00 746.00
517.00 293.00 1403.00 787.00
517.00 292.00 1403.00 788.00
517.00 290.50 1403.00 789.50
517.00 489.00 1403.00 591.00
517.00 310.00 1403.00 770.00
517.00 297.50 1403.00 782.50
517.00 454.50 1403.00 625.50
518.00 359.00 1402.00 721.00
517.00 517.00 1403.00 563.00
517.00 339.50 1403.00 740.50
517.00 495.00 1403.00 585.00
517.00 296.00 1403.00 784.00
517.00 322.50 1403.00 757.50
519.00 297.00 1401.00 783.00
569.00 533.50 1351.00 546.50
517.00 299.50 1403.00 780.50
517.00 313.00 1403.00 767.00
517.00 335.50 1403.00 744.50
517.00 302.00 1403.00 778.00
517.00 294.50 1403.00 785.50
517.00 450.00 1403.00 630.00
518.00 538.50 1402.00 541.50
517.00 540.00 1403.00 540.00
517.00 537.50 1403.00 542.50
517.00 422.00 1403.00 658.00
517.00 383.50 1403.00 696.50
517.00 311.00 1403.00 769.00
517.00 291.00 1403.00 789.00
526.00 301.00 1394.00 779.00
518.00 292.50 1402.00 787.50
517.00 337.00 1403.00 743.00
518.00 295.00 1402.00 785.00
517.00 492.50 1403.00 587.50
517.00 358.50 1403.00 721.50
517.00 329.50 1403.00 750.50
517.00 423.00 1403.00 657.00
517.00 522.50 1403.00 557.50
517.00 291.50 1403.00 788.50
517.00 540.00 1403.00 540.00
518.00 517.00 1402.00 563.00
517.00 531.50 1403.00 548.50
517.00 517.50 1403.00 562.50
517.00 291.00 1403.00 789.00
517.00 290.50 1403.00 789.50
517.00 290.50 1403.00 789.50
517.00 290.50 1403.00 789.50
523.00 290.50 1397.00 789.50
520.00 290.50 1400.00 789.50
519.00 310.00 1401.00 770.00
518.00 369.50 1402.00 710.50
517.00 321.00 1403.00 759.00
517.00 540.00 1403.00 540.00
517.00 539.00 1403.00 541.00
517.00 539.50 1403.00 540.50
517.00 539.00 1403.00 541.00
517.00 527.00 1403.00 553.00
517.00 459.00 1403.00 621.00
517.00 319.50 1403.00 760.50
517.00 305.50 1403.00 774.50
517.00 316.50 1403.00 763.50
517.00 311.50 1403.00 768.50
517.00 295.50 1403.00 784.50
517.00 291.50 1403.00 788.50
518.00 508.50 1402.00 571.50
518.00 290.50 1402.00 789.50
519.00 290.50 1401.00 789.50
518.00 300.50 1402.00 779.50
518.00 291.00 1402.00 789.00
518.00 294.50 1402.00 785.50
518.00 293.50 1402.00 786.50
518.00 302.00 1402.00 778.00
519.00 296.50 1401.00 783.50
519.00 386.00 1401.00 694.00
528.00 292.00 1392.00 788.00
521.00 338.00 1399.00 742.00
522.00 292.00 1398.00 788.00
518.00 290.50 1402.00 789.50
521.00 292.50 1399.00 787.50
518.00 290.50 1402.00 789.50
519.00 290.50 1401.00 789.50
518.00 292.00 1402.00 788.00
517.00 293.00 1403.00 787.00
521.00 427.50 1399.00 652.50
518.00 339.50 1402.00 740.50
518.00 330.50 1402.00 749.50
518.00 374.00 1402.00 706.00
517.00 295.50 1403.00 784.50
517.00 290.50 1403.00 789.50
518.00 346.50 1402.00 733.50
519.00 333.00 1401.00 747.00
520.00 328.50 1400.00 751.50
527.00 291.00 1393.00 789.00
518.00 291.00 1402.00 789.00
517.00 291.00 1403.00 789.00
517.00 295.50 1403.00 784.50
517.00 291.50 1403.00 788.50
517.00 459.00 1403.00 621.00
517.00 309.50 1403.00 770.50
518.00 297.50 1402.00 782.50
517.00 291.00 1403.00 789.00
519.00 291.00 1401.00 789.00
525.00 291.00 1395.00 789.00
519.00 290.50 1401.00 789.50
522.00 290.50 1398.00 789.50
523.00 290.50 1397.00 789.50
520.00 290.50 1400.00 789.50
543.00 290.50 1377.00 789.50
517.00 290.50 1403.00 789.50
518.00 290.50 1402.00 789.50
517.00 338.00 1403.00 742.00
518.00 291.00 1402.00 789.00
