352.00 366.00 119.00 142.00
517.00 295.00 1403.00 785.00
518.00 293.00 1402.00 787.00
517.00 293.50 1403.00 786.50
517.00 290.50 1403.00 789.50
517.00 309.00 1403.00 771.00
519.00 294.50 1401.00 785.50
517.00 498.50 1403.00 581.50
517.00 291.00 1403.00 789.00
517.00 291.00 1403.00 789.00
517.00 290.50 1403.00 789.50
517.00 290.50 1403.00 789.50
517.00 290.50 1403.00 789.50
517.00 290.50 1403.00 789.50
517.00 290.50 1403.00 789.50
517.00 290.50 1403.00 789.50
517.00 290.50 1403.00 789.50
517.00 290.50 1403.00 789.50
517.00 304.50 1403.00 775.50
518.00 290.50 1402.00 789.50
517.00 290.50 1403.00 789.50
517.00 440.00 1403.00 640.00
517.00 540.00 1403.00 540.00
517.00 540.00 1403.00 540.00
517.00 302.50 1403.00 777.50
517.00 290.50 1403.00 789.50
519.00 290.50 1401.00 789.50
517.00 290.50 1403.00 789.50
517.00 290.50 1403.00 789.50
517.00 301.50 1403.00 778.50
520.00 290.50 1400.00 789.50
517.00 305.00 1403.00 775.00
517.00 290.50 1403.00 789.50
517.00 290.50 1403.00 789.50
517.00 290.50 1403.00 789.50
517.00 290.50 1403.00 789.50
517.00 290.50 1403.00 789.50
517.00 290.50 1403.00 789.50
517.00 290.50 1403.00 789.50
517.00 290.50 1403.00 789.50
517.00 290.50 1403.00 789.50
517.00 290.50 1403.00 789.50
517.00 540.00 1403.00 540.00
517.00 299.00 1403.00 781.00
517.00 290.50 1403.00 789.50
517.00 290.50 1403.00 789.50
517.00 290.50 1403.00 789.50
517.00 290.50 1403.00 789.50
517.00 290.50 1403.00 789.50
519.00 290.50 1401.00 789.50
517.00 290.50 1403.00 789.50
517.00 290.50 1403.00 789.50
517.00 539.00 1403.00 541.00
517.00 540.00 1403.00 540.00
517.00 291.00 1403.00 789.00
517.00 290.50 1403.00 789.50
517.00 290.50 1403.00 789.50
517.00 290.50 1403.00 789.50
517.00 290.50 1403.00 789.50
517.00 290.50 1403.00 789.50
517.00 290.50 1403.00 789.50
517.00 290.50 1403.00 789.50
517.00 290.50 1403.00 789.50
517.00 290.50 1403.00 789.50
517.00 290.50 1403.00 789.50
517.00 290.50 1403.00 789.50
517.00 290.50 1403.00 789.50
517.00 290.50 1403.00 789.50
517.00 290.50 1403.00 789.50
523.00 290.50 1397.00 789.50
517.00 290.50 1403.00 789.50
517.00 290.50 1403.00 789.50
517.00 290.50 1403.00 789.50
561.00 290.50 1359.00 789.50
530.00 290.50 1390.00 789.50
763.00 290.50 1157.00 789.50
541.00 290.50 1379.00 789.50
560.00 290.50 1360.00 789.50
517.00 290.50 1403.00 789.50
517.00 290.50 1403.00 789.50
517.00 290.50 1403.00 789.50
517.00 290.50 1403.00 789.50
520.00 290.50 1400.00 789.50
520.00 290.50 1400.00 789.50
522.00 290.50 1398.00 789.50
577.00 290.50 1343.00 789.50
571.00 290.50 1349.00 789.50
600.00 290.50 1320.00 789.50
599.00 290.50 1321.00 789.50
527.00 290.50 1393.00 789.50
519.00 290.50 1401.00 789.50
518.00 290.50 1402.00 789.50
517.00 290.50 1403.00 789.50
541.00 290.50 1379.00 789.50
517.00 290.50 1403.00 789.50
518.00 290.50 1402.00 789.50
518.00 290.50 1402.00 789.50
518.00 291.00 1402.00 789.00
518.00 290.50 1402.00 789.50
517.00 290.50 1403.00 789.50
517.00 290.50 1403.00 789.50
519.00 291.00 1401.00 789.00
520.00 290.50 1400.00 789.50
517.00 290.50 1403.00 789.50
518.00 290.50 1402.00 789.50
536.00 290.50 1384.00 789.50
518.00 290.50 1402.00 789.50
518.00 290.50 1402.00 789.50
517.00 290.50 1403.00 789.50
526.00 290.50 1394.00 789.50
518.00 290.50 1402.00 789.50
520.00 290.50 1400.00 789.50
518.00 290.50 1402.00 789.50
518.00 290.50 1402.00 789.50
517.00 290.50 1403.00 789.50
517.00 290.50 1403.00 789.50
517.00 290.50 1403.00 789.50
517.00 290.50 1403.00 789.50
517.00 290.50 1403.00 789.50
517.00 290.50 1403.00 789.50
517.00 290.50 1403.00 789.50
517.00 290.50 1403.00 789.50
517.00 290.50 1403.00 789.50
518.00 290.50 1402.00 789.50
517.00 290.50 1403.00 789.50
517.00 290.50 1403.00 789.50
517.00 290.50 1403.00 789.50
517.00 290.50 1403.00 789.50
518.00 290.50 1402.00 789.50
518.00 290.50 1402.00 789.50
537.00 290.50 1383.00 789.50
518.00 290.50 1402.00 789.50
517.00 290.50 1403.00 789.50
518.00 290.50 1402.00 789.50
517.00 290.50 1403.00 789.50
517.00 290.50 1403.00 789.50
517.00 290.50 1403.00 789.50
517.00 290.50 1403.00 789.50
517.00 290.50 1403.00 789.50
517.00 290.50 1403.00 789.50
518.00 290.50 1402.00 789.50
520.00 290.50 1400.00 789.50
517.00 290.50 1403.00 789.50
517.00 290.50 1403.00 789.50
520.00 290.50 1400.00 789.50
539.00 290.50 1381.00 789.50
520.00 290.50 1400.00 789.50
528.00 290.50 1392.00 789.50
644.00 290.50 1276.00 789.50
518.00 290.50 1402.00 789.50
578.00 290.50 1342.00 789.50
517.00 290.50 1403.00 789.50
517.00 290.50 1403.00 789.50
522.00 290.50 1398.00 789.50
517.00 291.00 1403.00 789.00
517.00 290.50 1403.00 789.50
518.00 290.50 1402.00 789.50
595.00 291.50 1325.00 788.50
518.00 290.50 1402.00 789.50
523.00 290.50 1397.00 789.50
529.00 290.50 1391.00 789.50
538.00 290.50 1382.00 789.50
580.00 290.50 1340.00 789.50
534.00 290.50 1386.00 789.50
520.00 290.50 1400.00 789.50
523.00 290.50 1397.00 789.50
545.00 290.50 1375.00 789.50
517.00 290.50 1403.00 789.50
517.00 290.50 1403.00 789.50
517.00 290.50 1403.00 789.50
517.00 290.50 1403.00 789.50
517.00 290.50 1403.00 789.50
517.00 290.50 1403.00 789.50
517.00 290.50 1403.00 789.50
517.00 290.50 1403.00 789.50
517.00 290.50 1403.00 789.50
518.00 290.50 1402.00 789.50
637.00 290.50 1283.00 789.50
519.00 290.50 1401.00 789.50
518.00 290.50 1402.00 789.50
518.00 290.50 1402.00 789.50
518.00 290.50 1402.00 789.50
518.00 290.50 1402.00 789.50
517.00 290.50 1403.00 789.50
517.00 290.50 1403.00 789.50
597.00 290.50 1323.00 789.50
644.00 290.50 1276.00 789.50
532.00 290.50 1388.00 789.50
520.00 290.50 1400.00 789.50
518.00 290.50 1402.00 789.50
517.00 290.50 1403.00 789.50
517.00 290.50 1403.00 789.50
541.00 290.50 1379.00 789.50
519.00 290.50 1401.00 789.50
517.00 290.50 1403.00 789.50
517.00 290.50 1403.00 789.50
517.00 290.50 1403.00 789.50
517.00 290.50 1403.00 789.50
522.00 290.50 1398.00 789.50
539.00 290.50 1381.00 789.50
562.00 290.50 1358.00 789.50
548.00 290.50 1372.00 789.50
534.00 290.50 1386.00 789.50
595.00 290.50 1325.00 789.50
729.00 290.50 1191.00 789.50
665.00 290.50 1255.00 789.50
662.00 290.50 1258.00 789.50
636.00 290.50 1284.00 789.50
637.00 290.50 1283.00 789.50
831.00 290.50 1089.00 789.50
616.00 290.50 1304.00 789.50
698.00 290.50 1222.00 789.50
644.00 290.50 1276.00 789.50
695.00 290.50 1225.00 789.50
615.00 290.50 1305.00 789.50
531.00 290.50 1389.00 789.50
639.00 290.50 1281.00 789.50
565.00 290.50 1355.00 789.50
611.00 290.50 1309.00 789.50
523.00 290.50 1397.00 789.50
583.00 290.50 1337.00 789.50
545.00 290.50 1375.00 789.50
576.00 290.50 1344.00 789.50
588.00 290.50 1332.00 789.50
661.00 290.50 1259.00 789.50
574.00 290.50 1346.00 789.50
588.00 290.50 1332.00 789.50
618.00 290.50 1302.00 789.50
674.00 290.50 1246.00 789.50
703.00 290.50 1217.00 789.50
587.00 290.50 1333.00 789.50
852.00 290.50 1068.00 789.50
611.00 290.50 1309.00 789.50
545.00 290.50 1375.00 789.50
888.00 290.50 1032.00 789.50
875.00 290.50 1045.00 789.50
854.00 290.50 1066.00 789.50
803.00 290.50 1117.00 789.50
940.50 290.50 979.50 789.50
657.00 290.50 1263.00 789.50
521.00 290.50 1399.00 789.50
641.00 290.50 1279.00 789.50
815.00 290.50 1105.00 789.50
660.00 290.50 1260.00 789.50
615.00 290.50 1305.00 789.50
879.00 290.50 1041.00 789.50
639.00 290.50 1281.00 789.50
575.00 290.50 1345.00 789.50
654.00 290.50 1266.00 789.50
569.00 290.50 1351.00 789.50
717.00 290.50 1203.00 789.50
586.00 290.50 1334.00 789.50
785.00 290.50 1135.00 789.50
888.00 290.50 1032.00 789.50
805.00 290.50 1115.00 789.50
712.00 290.50 1208.00 789.50
731.00 290.50 1189.00 789.50
840.00 290.50 1080.00 789.50
822.00 290.50 1098.00 789.50
790.00 290.50 1130.00 789.50
722.00 290.50 1198.00 789.50
648.00 290.50 1272.00 789.50
571.00 290.50 1349.00 789.50
588.00 290.50 1332.00 789.50
528.00 290.50 1392.00 789.50
526.00 290.50 1394.00 789.50
521.00 290.50 1399.00 789.50
539.00 290.50 1381.00 789.50
521.00 290.50 1399.00 789.50
532.00 290.50 1388.00 789.50
518.00 290.50 1402.00 789.50
529.00 290.50 1391.00 789.50
522.00 290.50 1398.00 789.50
517.00 290.50 1403.00 789.50
518.00 290.50 1402.00 789.50
561.00 290.50 1359.00 789.50
950.50 290.50 969.50 789.50
777.00 290.50 1143.00 789.50
889.00 290.50 1031.00 789.50
654.00 290.50 1266.00 789.50
517.00 290.50 1403.00 789.50
522.00 290.50 1398.00 789.50
612.00 291.00 1308.00 789.00
517.00 528.00 1403.00 552.00
687.00 290.50 1233.00 789.50
517.00 539.50 1403.00 540.50
517.00 446.50 1403.00 633.50
517.00 290.50 1403.00 789.50
517.00 538.00 1403.00 542.00
517.00 290.50 1403.00 789.50
517.00 290.50 1403.00 789.50
517.00 540.00 1403.00 540.00
517.00 342.00 1403.00 738.00
517.00 535.50 1403.00 544.50
517.00 290.50 1403.00 789.50
517.00 291.00 1403.00 789.00
532.00 290.50 1388.00 789.50
519.00 290.50 1401.00 789.50
572.00 290.50 1348.00 789.50
573.00 290.50 1347.00 789.50
517.00 290.50 1403.00 789.50
528.00 290.50 1392.00 789.50
517.00 290.50 1403.00 789.50
518.00 290.50 1402.00 789.50
517.00 290.50 1403.00 789.50
517.00 291.00 1403.00 789.00
517.00 290.50 1403.00 789.50
518.00 290.50 1402.00 789.50
517.00 290.50 1403.00 789.50
517.00 391.50 1403.00 688.50
517.00 378.00 1403.00 702.00
738.00 290.50 1182.00 789.50
560.00 322.00 1360.00 758.00
623.00 313.00 1297.00 767.00
701.00 471.50 1219.00 608.50
803.00 331.50 1117.00 748.50
899.00 316.00 1021.00 764.00
686.00 295.00 1234.00 785.00
802.00 290.50 1118.00 789.50
613.00 300.00 1307.00 780.00
622.00 421.00 1298.00 659.00
777.00 540.00 1143.00 540.00
693.00 358.50 1227.00 721.50
782.00 291.00 1138.00 789.00
776.00 293.50 1144.00 786.50
921.50 290.50 998.50 789.50
917.00 521.50 1003.00 558.50
754.00 360.00 1166.00 720.00
924.50 452.00 995.50 628.00
694.00 393.00 1226.00 687.00
831.00 540.00 1089.00 540.00
794.00 515.50 1126.00 564.50
953.50 523.00 966.50 557.00
939.50 450.50 980.50 629.50
599.00 540.00 1321.00 540.00
750.00 540.00 1170.00 540.00
532.00 540.00 1388.00 540.00
606.00 538.50 1314.00 541.50
518.00 540.00 1402.00 540.00
949.00 463.00 971.00 617.00
948.00 540.00 972.00 540.00
791.00 369.50 1129.00 710.50
674.00 302.50 1246.00 777.50
947.00 290.50 973.00 789.50
778.00 290.50 1142.00 789.50
957.00 290.50 963.00 789.50
957.00 290.50 963.00 789.50
881.00 326.50 1039.00 753.50
557.00 524.50 1363.00 555.50
715.00 447.50 1205.00 632.50
705.00 359.00 1215.00 721.00
562.00 539.50 1358.00 540.50
518.00 520.00 1402.00 560.00
784.00 539.50 1136.00 540.50
644.00 317.00 1276.00 763.00
898.00 290.50 1022.00 789.50
929.00 290.50 991.00 789.50
738.00 290.50 1182.00 789.50
627.00 291.00 1293.00 789.00
902.00 290.50 1018.00 789.50
916.00 290.50 1004.00 789.50
566.00 290.50 1354.00 789.50
698.00 290.50 1222.00 789.50
563.00 290.50 1357.00 789.50
827.00 290.50 1093.00 789.50
869.00 290.50 1051.00 789.50
832.00 489.50 1088.00 590.50
677.00 290.50 1243.00 789.50
655.00 290.50 1265.00 789.50
839.00 290.50 1081.00 789.50
886.00 290.50 1034.00 789.50
610.00 291.00 1310.00 789.00
954.50 290.50 965.50 789.50
922.50 291.00 997.50 789.00
923.50 291.50 996.50 788.50
657.00 290.50 1263.00 789.50
893.00 290.50 1027.00 789.50
775.00 290.50 1145.00 789.50
519.00 290.50 1401.00 789.50
518.00 290.50 1402.00 789.50
522.00 290.50 1398.00 789.50
517.00 290.50 1403.00 789.50
745.00 290.50 1175.00 789.50
617.00 290.50 1303.00 789.50
762.00 290.50 1158.00 789.50
952.50 292.50 967.50 787.50
597.00 290.50 1323.00 789.50
667.00 290.50 1253.00 789.50
594.00 290.50 1326.00 789.50
954.50 290.50 965.50 789.50
733.00 290.50 1187.00 789.50
682.00 290.50 1238.00 789.50
878.00 290.50 1042.00 789.50
945.00 290.50 975.00 789.50
902.00 290.50 1018.00 789.50
887.00 290.50 1033.00 789.50
528.00 290.50 1392.00 789.50
821.00 290.50 1099.00 789.50
898.00 290.50 1022.00 789.50
948.00 290.50 972.00 789.50
