927.00 343.00 92.00 111.00
518.00 291.00 1402.00 789.00
519.00 290.50 1401.00 789.50
517.00 290.50 1403.00 789.50
542.00 290.50 1378.00 789.50
567.00 290.50 1353.00 789.50
532.00 335.00 1388.00 745.00
541.00 290.50 1379.00 789.50
523.00 290.50 1397.00 789.50
539.00 290.50 1381.00 789.50
548.00 290.50 1372.00 789.50
521.00 290.50 1399.00 789.50
520.00 290.50 1400.00 789.50
520.00 291.00 1400.00 789.00
520.00 290.50 1400.00 789.50
544.00 290.50 1376.00 789.50
518.00 293.00 1402.00 787.00
521.00 290.50 1399.00 789.50
517.00 290.50 1403.00 789.50
517.00 294.50 1403.00 785.50
521.00 290.50 1399.00 789.50
518.00 296.50 1402.00 783.50
518.00 290.50 1402.00 789.50
517.00 379.50 1403.00 700.50
519.00 290.50 1401.00 789.50
518.00 290.50 1402.00 789.50
519.00 290.50 1401.00 789.50
518.00 290.50 1402.00 789.50
518.00 290.50 1402.00 789.50
517.00 525.00 1403.00 555.00
518.00 290.50 1402.00 789.50
518.00 294.50 1402.00 785.50
519.00 290.50 1401.00 789.50
521.00 293.00 1399.00 787.00
551.00 290.50 1369.00 789.50
553.00 305.00 1367.00 775.00
528.00 308.50 1392.00 771.50
543.00 290.50 1377.00 789.50
580.00 293.00 1340.00 787.00
634.00 290.50 1286.00 789.50
589.00 291.00 1331.00 789.00
605.00 291.00 1315.00 789.00
533.00 295.00 1387.00 785.00
619.00 299.00 1301.00 781.00
669.00 311.50 1251.00 768.50
624.00 290.50 1296.00 789.50
584.00 292.00 1336.00 788.00
574.00 320.00 1346.00 760.00
584.00 299.50 1336.00 780.50
536.00 299.50 1384.00 780.50
553.00 290.50 1367.00 789.50
621.00 291.50 1299.00 788.50
520.00 301.50 1400.00 778.50
614.00 295.00 1306.00 785.00
683.00 426.50 1237.00 653.50
622.00 299.00 1298.00 781.00
572.00 323.50 1348.00 756.50
562.00 328.50 1358.00 751.50
566.00 291.50 1354.00 788.50
616.00 290.50 1304.00 789.50
546.00 292.00 1374.00 788.00
535.00 291.00 1385.00 789.00
603.00 296.50 1317.00 783.50
554.00 291.00 1366.00 789.00
617.00 292.00 1303.00 788.00
652.00 330.00 1268.00 750.00
651.00 297.50 1269.00 782.50
545.00 488.50 1375.00 591.50
561.00 315.00 1359.00 765.00
524.00 293.00 1396.00 787.00
543.00 290.50 1377.00 789.50
611.00 456.50 1309.00 623.50
601.00 536.00 1319.00 544.00
620.00 299.00 1300.00 781.00
613.00 297.50 1307.00 782.50
656.00 291.00 1264.00 789.00
586.00 298.00 1334.00 782.00
593.00 296.50 1327.00 783.50
586.00 304.50 1334.00 775.50
808.00 540.00 1112.00 540.00
657.00 428.00 1263.00 652.00
592.00 367.50 1328.00 712.50
555.00 297.50 1365.00 782.50
570.00 292.00 1350.00 788.00
557.00 291.50 1363.00 788.50
551.00 290.50 1369.00 789.50
584.00 291.00 1336.00 789.00
642.00 362.50 1278.00 717.50
548.00 290.50 1372.00 789.50
676.00 298.00 1244.00 782.00
646.00 326.00 1274.00 754.00
763.00 343.50 1157.00 736.50
633.00 435.50 1287.00 644.50
865.00 449.00 1055.00 631.00
690.00 295.00 1230.00 785.00
610.00 295.00 1310.00 785.00
746.00 292.50 1174.00 787.50
588.00 291.50 1332.00 788.50
574.00 314.50 1346.00 765.50
643.00 291.50 1277.00 788.50
