882.00 388.00 104.00 189.00
518.00 292.00 1402.00 788.00
518.00 290.50 1402.00 789.50
518.00 290.50 1402.00 789.50
517.00 290.50 1403.00 789.50
518.00 290.50 1402.00 789.50
517.00 290.50 1403.00 789.50
517.00 290.50 1403.00 789.50
517.00 291.50 1403.00 788.50
539.00 290.50 1381.00 789.50
517.00 333.00 1403.00 747.00
519.00 290.50 1401.00 789.50
518.00 301.00 1402.00 779.00
517.00 290.50 1403.00 789.50
517.00 290.50 1403.00 789.50
517.00 294.50 1403.00 785.50
534.00 290.50 1386.00 789.50
540.00 290.50 1380.00 789.50
518.00 290.50 1402.00 789.50
541.00 290.50 1379.00 789.50
582.00 290.50 1338.00 789.50
518.00 290.50 1402.00 789.50
518.00 290.50 1402.00 789.50
519.00 290.50 1401.00 789.50
518.00 290.50 1402.00 789.50
518.00 290.50 1402.00 789.50
518.00 290.50 1402.00 789.50
519.00 290.50 1401.00 789.50
518.00 290.50 1402.00 789.50
525.00 291.00 1395.00 789.00
519.00 290.50 1401.00 789.50
518.00 290.50 1402.00 789.50
526.00 290.50 1394.00 789.50
524.00 291.00 1396.00 789.00
517.00 290.50 1403.00 789.50
517.00 290.50 1403.00 789.50
532.00 290.50 1388.00 789.50
518.00 290.50 1402.00 789.50
517.00 290.50 1403.00 789.50
518.00 290.50 1402.00 789.50
517.00 290.50 1403.00 789.50
525.00 290.50 1395.00 789.50
622.00 290.50 1298.00 789.50
943.00 290.50 977.00 789.50
944.00 290.50 976.00 789.50
820.00 290.50 1100.00 789.50
518.00 290.50 1402.00 789.50
873.00 290.50 1047.00 789.50
517.00 290.50 1403.00 789.50
700.00 290.50 1220.00 789.50
754.00 290.50 1166.00 789.50
736.00 290.50 1184.00 789.50
521.00 290.50 1399.00 789.50
519.00 294.50 1401.00 785.50
523.00 305.00 1397.00 775.00
518.00 302.00 1402.00 778.00
518.00 292.00 1402.00 788.00
517.00 300.50 1403.00 779.50
517.00 539.50 1403.00 540.50
518.00 455.50 1402.00 624.50
530.00 290.50 1390.00 789.50
518.00 290.50 1402.00 789.50
517.00 305.50 1403.00 774.50
519.00 539.00 1401.00 541.00
532.00 297.00 1388.00 783.00
517.00 303.00 1403.00 777.00
517.00 315.00 1403.00 765.00
517.00 293.50 1403.00 786.50
517.00 290.50 1403.00 789.50
517.00 295.00 1403.00 785.00
518.00 475.50 1402.00 604.50
517.00 358.00 1403.00 722.00
543.00 290.50 1377.00 789.50
518.00 416.00 1402.00 664.00
523.00 293.00 1397.00 787.00
517.00 290.50 1403.00 789.50
520.00 291.00 1400.00 789.00
517.00 291.00 1403.00 789.00
517.00 336.00 1403.00 744.00
517.00 290.50 1403.00 789.50
520.00 290.50 1400.00 789.50
638.00 290.50 1282.00 789.50
520.00 290.50 1400.00 789.50
518.00 290.50 1402.00 789.50
533.00 291.00 1387.00 789.00
517.00 290.50 1403.00 789.50
544.00 290.50 1376.00 789.50
548.00 290.50 1372.00 789.50
518.00 290.50 1402.00 789.50
518.00 290.50 1402.00 789.50
532.00 290.50 1388.00 789.50
519.00 290.50 1401.00 789.50
583.00 290.50 1337.00 789.50
678.00 290.50 1242.00 789.50
523.00 291.00 1397.00 789.00
686.00 290.50 1234.00 789.50
671.00 290.50 1249.00 789.50
787.00 290.50 1133.00 789.50
726.00 290.50 1194.00 789.50
838.00 290.50 1082.00 789.50
734.00 290.50 1186.00 789.50
741.00 290.50 1179.00 789.50
534.00 290.50 1386.00 789.50
562.00 292.50 1358.00 787.50
553.00 290.50 1367.00 789.50
548.00 290.50 1372.00 789.50
546.00 290.50 1374.00 789.50
706.00 290.50 1214.00 789.50
703.00 290.50 1217.00 789.50
679.00 290.50 1241.00 789.50
519.00 290.50 1401.00 789.50
595.00 291.00 1325.00 789.00
583.00 290.50 1337.00 789.50
682.00 290.50 1238.00 789.50
532.00 291.00 1388.00 789.00
547.00 295.00 1373.00 785.00
644.00 292.50 1276.00 787.50
518.00 290.50 1402.00 789.50
589.00 291.50 1331.00 788.50
518.00 301.50 1402.00 778.50
574.00 291.00 1346.00 789.00
528.00 292.00 1392.00 788.00
694.00 290.50 1226.00 789.50
607.00 290.50 1313.00 789.50
633.00 290.50 1287.00 789.50
551.00 291.50 1369.00 788.50
646.00 290.50 1274.00 789.50
524.00 292.00 1396.00 788.00
532.00 291.00 1388.00 789.00
584.00 291.00 1336.00 789.00
599.00 290.50 1321.00 789.50
553.00 290.50 1367.00 789.50
523.00 290.50 1397.00 789.50
553.00 290.50 1367.00 789.50
523.00 290.50 1397.00 789.50
537.00 290.50 1383.00 789.50
548.00 291.50 1372.00 788.50
532.00 291.00 1388.00 789.00
569.00 290.50 1351.00 789.50
608.00 290.50 1312.00 789.50
601.00 290.50 1319.00 789.50
581.00 290.50 1339.00 789.50
546.00 290.50 1374.00 789.50
524.00 290.50 1396.00 789.50
543.00 290.50 1377.00 789.50
526.00 290.50 1394.00 789.50
556.00 290.50 1364.00 789.50
634.00 290.50 1286.00 789.50
651.00 290.50 1269.00 789.50
697.00 290.50 1223.00 789.50
537.00 291.00 1383.00 789.00
594.00 290.50 1326.00 789.50
557.00 290.50 1363.00 789.50
526.00 291.00 1394.00 789.00
520.00 290.50 1400.00 789.50
572.00 290.50 1348.00 789.50
547.00 290.50 1373.00 789.50
632.00 290.50 1288.00 789.50
665.00 290.50 1255.00 789.50
560.00 290.50 1360.00 789.50
622.00 291.50 1298.00 788.50
571.00 290.50 1349.00 789.50
669.00 290.50 1251.00 789.50
717.00 290.50 1203.00 789.50
722.00 290.50 1198.00 789.50
545.00 290.50 1375.00 789.50
521.00 290.50 1399.00 789.50
554.00 290.50 1366.00 789.50
677.00 291.00 1243.00 789.00
537.00 290.50 1383.00 789.50
612.00 290.50 1308.00 789.50
528.00 290.50 1392.00 789.50
518.00 290.50 1402.00 789.50
518.00 290.50 1402.00 789.50
532.00 290.50 1388.00 789.50
542.00 290.50 1378.00 789.50
533.00 290.50 1387.00 789.50
518.00 290.50 1402.00 789.50
518.00 291.50 1402.00 788.50
541.00 290.50 1379.00 789.50
545.00 290.50 1375.00 789.50
544.00 290.50 1376.00 789.50
530.00 290.50 1390.00 789.50
603.00 290.50 1317.00 789.50
655.00 290.50 1265.00 789.50
640.00 290.50 1280.00 789.50
643.00 290.50 1277.00 789.50
668.00 290.50 1252.00 789.50
540.00 290.50 1380.00 789.50
553.00 290.50 1367.00 789.50
592.00 290.50 1328.00 789.50
601.00 290.50 1319.00 789.50
688.00 290.50 1232.00 789.50
532.00 290.50 1388.00 789.50
519.00 290.50 1401.00 789.50
689.00 290.50 1231.00 789.50
632.00 290.50 1288.00 789.50
532.00 290.50 1388.00 789.50
627.00 290.50 1293.00 789.50
665.00 291.50 1255.00 788.50
