495.00 578.00 424.00 400.00
518.00 540.00 1402.00 540.00
609.00 531.00 1311.00 549.00
525.00 540.00 1395.00 540.00
539.00 540.00 1381.00 540.00
724.00 539.50 1196.00 540.50
615.00 540.00 1305.00 540.00
587.00 540.00 1333.00 540.00
581.00 540.00 1339.00 540.00
538.00 540.00 1382.00 540.00
606.00 424.50 1314.00 655.50
553.00 540.00 1367.00 540.00
543.00 540.00 1377.00 540.00
722.00 540.00 1198.00 540.00
654.00 508.50 1266.00 571.50
521.00 540.00 1399.00 540.00
522.00 540.00 1398.00 540.00
579.00 540.00 1341.00 540.00
517.00 540.00 1403.00 540.00
619.00 536.00 1301.00 544.00
532.00 540.00 1388.00 540.00
517.00 540.00 1403.00 540.00
521.00 540.00 1399.00 540.00
578.00 540.00 1342.00 540.00
518.00 540.00 1402.00 540.00
529.00 540.00 1391.00 540.00
563.00 540.00 1357.00 540.00
536.00 540.00 1384.00 540.00
517.00 540.00 1403.00 540.00
518.00 540.00 1402.00 540.00
519.00 540.00 1401.00 540.00
519.00 540.00 1401.00 540.00
535.00 540.00 1385.00 540.00
524.00 540.00 1396.00 540.00
529.00 540.00 1391.00 540.00
518.00 540.00 1402.00 540.00
524.00 540.00 1396.00 540.00
523.00 540.00 1397.00 540.00
532.00 540.00 1388.00 540.00
518.00 540.00 1402.00 540.00
518.00 540.00 1402.00 540.00
572.00 540.00 1348.00 540.00
529.00 540.00 1391.00 540.00
517.00 540.00 1403.00 540.00
529.00 540.00 1391.00 540.00
678.00 540.00 1242.00 540.00
724.00 540.00 1196.00 540.00
551.00 540.00 1369.00 540.00
588.00 540.00 1332.00 540.00
529.00 540.00 1391.00 540.00
542.00 540.00 1378.00 540.00
522.00 540.00 1398.00 540.00
517.00 540.00 1403.00 540.00
518.00 540.00 1402.00 540.00
956.00 540.00 964.00 540.00
957.00 540.00 963.00 540.00
561.00 540.00 1359.00 540.00
556.00 540.00 1364.00 540.00
521.00 540.00 1399.00 540.00
562.00 540.00 1358.00 540.00
606.00 540.00 1314.00 540.00
959.00 540.00 961.00 540.00
960.00 540.00 960.00 540.00
531.00 540.00 1389.00 540.00
565.00 540.00 1355.00 540.00
534.00 540.00 1386.00 540.00
800.00 540.00 1120.00 540.00
523.00 540.00 1397.00 540.00
797.00 540.00 1123.00 540.00
522.00 540.00 1398.00 540.00
809.00 540.00 1111.00 540.00
960.00 540.00 960.00 540.00
687.00 540.00 1233.00 540.00
953.50 540.00 966.50 540.00
960.00 540.00 960.00 540.00
518.00 540.00 1402.00 540.00
612.00 540.00 1308.00 540.00
960.00 540.00 960.00 540.00
644.00 540.00 1276.00 540.00
960.00 540.00 960.00 540.00
951.50 540.00 968.50 540.00
960.00 540.00 960.00 540.00
960.00 540.00 960.00 540.00
960.00 540.00 960.00 540.00
960.00 540.00 960.00 540.00
960.00 540.00 960.00 540.00
581.00 540.00 1339.00 540.00
539.00 540.00 1381.00 540.00
818.00 540.00 1102.00 540.00
517.00 540.00 1403.00 540.00
517.00 540.00 1403.00 540.00
517.00 540.00 1403.00 540.00
517.00 540.00 1403.00 540.00
517.00 540.00 1403.00 540.00
517.00 540.00 1403.00 540.00
517.00 540.00 1403.00 540.00
517.00 540.00 1403.00 540.00
521.00 540.00 1399.00 540.00
530.00 540.00 1390.00 540.00
526.00 540.00 1394.00 540.00
518.00 540.00 1402.00 540.00
520.00 540.00 1400.00 540.00
518.00 540.00 1402.00 540.00
517.00 540.00 1403.00 540.00
517.00 540.00 1403.00 540.00
541.00 540.00 1379.00 540.00
525.00 540.00 1395.00 540.00
860.00 540.00 1060.00 540.00
581.00 540.00 1339.00 540.00
545.00 540.00 1375.00 540.00
520.00 540.00 1400.00 540.00
684.00 540.00 1236.00 540.00
935.50 540.00 984.50 540.00
959.00 540.00 961.00 540.00
811.00 540.00 1109.00 540.00
927.00 540.00 993.00 540.00
958.00 540.00 962.00 540.00
924.50 540.00 995.50 540.00
519.00 540.00 1401.00 540.00
687.00 540.00 1233.00 540.00
567.00 540.00 1353.00 540.00
559.00 540.00 1361.00 540.00
892.00 540.00 1028.00 540.00
686.00 540.00 1234.00 540.00
521.00 540.00 1399.00 540.00
523.00 540.00 1397.00 540.00
521.00 540.00 1399.00 540.00
523.00 540.00 1397.00 540.00
518.00 540.00 1402.00 540.00
521.00 540.00 1399.00 540.00
521.00 540.00 1399.00 540.00
529.00 540.00 1391.00 540.00
579.00 540.00 1341.00 540.00
816.00 540.00 1104.00 540.00
585.00 540.00 1335.00 540.00
562.00 540.00 1358.00 540.00
518.00 540.00 1402.00 540.00
524.00 540.00 1396.00 540.00
517.00 540.00 1403.00 540.00
518.00 540.00 1402.00 540.00
518.00 540.00 1402.00 540.00
959.00 540.00 961.00 540.00
523.00 540.00 1397.00 540.00
542.00 540.00 1378.00 540.00
524.00 540.00 1396.00 540.00
547.00 540.00 1373.00 540.00
606.00 540.00 1314.00 540.00
518.00 540.00 1402.00 540.00
519.00 540.00 1401.00 540.00
517.00 540.00 1403.00 540.00
786.00 540.00 1134.00 540.00
590.00 540.00 1330.00 540.00
826.00 540.00 1094.00 540.00
575.00 540.00 1345.00 540.00
860.00 540.00 1060.00 540.00
949.00 540.00 971.00 540.00
960.00 540.00 960.00 540.00
919.50 540.00 1000.50 540.00
929.00 540.00 991.00 540.00
959.00 540.00 961.00 540.00
957.00 540.00 963.00 540.00
945.00 540.00 975.00 540.00
960.00 540.00 960.00 540.00
960.00 540.00 960.00 540.00
960.00 540.00 960.00 540.00
601.00 540.00 1319.00 540.00
549.00 540.00 1371.00 540.00
593.00 540.00 1327.00 540.00
960.00 540.00 960.00 540.00
917.00 540.00 1003.00 540.00
527.00 540.00 1393.00 540.00
517.00 540.00 1403.00 540.00
517.00 540.00 1403.00 540.00
518.00 540.00 1402.00 540.00
518.00 540.00 1402.00 540.00
930.00 540.00 990.00 540.00
529.00 540.00 1391.00 540.00
885.00 540.00 1035.00 540.00
602.00 540.00 1318.00 540.00
960.00 540.00 960.00 540.00
527.00 540.00 1393.00 540.00
858.00 540.00 1062.00 540.00
518.00 540.00 1402.00 540.00
518.00 540.00 1402.00 540.00
522.00 540.00 1398.00 540.00
518.00 540.00 1402.00 540.00
539.00 540.00 1381.00 540.00
567.00 540.00 1353.00 540.00
529.00 540.00 1391.00 540.00
651.00 540.00 1269.00 540.00
529.00 540.00 1391.00 540.00
553.00 540.00 1367.00 540.00
860.00 540.00 1060.00 540.00
960.00 540.00 960.00 540.00
960.00 540.00 960.00 540.00
908.50 540.00 1011.50 540.00
952.50 540.00 967.50 540.00
958.00 540.00 962.00 540.00
959.00 540.00 961.00 540.00
957.00 540.00 963.00 540.00
960.00 540.00 960.00 540.00
942.00 540.00 978.00 540.00
959.00 540.00 961.00 540.00
909.50 540.00 1010.50 540.00
960.00 540.00 960.00 540.00
960.00 540.00 960.00 540.00
960.00 540.00 960.00 540.00
960.00 540.00 960.00 540.00
960.00 540.00 960.00 540.00
959.00 540.00 961.00 540.00
960.00 540.00 960.00 540.00
960.00 540.00 960.00 540.00
960.00 540.00 960.00 540.00
960.00 540.00 960.00 540.00
931.00 540.00 989.00 540.00
814.00 540.00 1106.00 540.00
606.00 540.00 1314.00 540.00
848.00 540.00 1072.00 540.00
551.00 540.00 1369.00 540.00
900.00 540.00 1020.00 540.00
959.00 540.00 961.00 540.00
958.00 540.00 962.00 540.00
956.00 540.00 964.00 540.00
960.00 540.00 960.00 540.00
960.00 540.00 960.00 540.00
959.00 540.00 961.00 540.00
960.00 540.00 960.00 540.00
958.00 540.00 962.00 540.00
956.00 540.00 964.00 540.00
953.50 540.00 966.50 540.00
957.00 540.00 963.00 540.00
838.00 540.00 1082.00 540.00
560.00 540.00 1360.00 540.00
558.00 540.00 1362.00 540.00
519.00 540.00 1401.00 540.00
559.00 540.00 1361.00 540.00
519.00 540.00 1401.00 540.00
532.00 540.00 1388.00 540.00
522.00 540.00 1398.00 540.00
518.00 540.00 1402.00 540.00
519.00 540.00 1401.00 540.00
703.00 540.00 1217.00 540.00
591.00 540.00 1329.00 540.00
518.00 540.00 1402.00 540.00
548.00 540.00 1372.00 540.00
520.00 538.50 1400.00 541.50
517.00 540.00 1403.00 540.00
521.00 540.00 1399.00 540.00
517.00 540.00 1403.00 540.00
518.00 540.00 1402.00 540.00
518.00 540.00 1402.00 540.00
638.00 540.00 1282.00 540.00
569.00 540.00 1351.00 540.00
705.00 540.00 1215.00 540.00
554.00 532.50 1366.00 547.50
943.00 540.00 977.00 540.00
532.00 540.00 1388.00 540.00
700.00 529.00 1220.00 551.00
687.00 540.00 1233.00 540.00
575.00 540.00 1345.00 540.00
594.00 540.00 1326.00 540.00
862.00 540.00 1058.00 540.00
562.00 540.00 1358.00 540.00
520.00 540.00 1400.00 540.00
519.00 540.00 1401.00 540.00
663.00 540.00 1257.00 540.00
532.00 540.00 1388.00 540.00
518.00 540.00 1402.00 540.00
952.50 540.00 967.50 540.00
883.00 540.00 1037.00 540.00
960.00 540.00 960.00 540.00
905.50 540.00 1014.50 540.00
518.00 540.00 1402.00 540.00
524.00 540.00 1396.00 540.00
532.00 540.00 1388.00 540.00
519.00 540.00 1401.00 540.00
540.00 540.00 1380.00 540.00
703.00 540.00 1217.00 540.00
523.00 540.00 1397.00 540.00
519.00 540.00 1401.00 540.00
518.00 540.00 1402.00 540.00
558.00 540.00 1362.00 540.00
663.00 540.00 1257.00 540.00
518.00 540.00 1402.00 540.00
585.00 540.00 1335.00 540.00
520.00 540.00 1400.00 540.00
547.00 540.00 1373.00 540.00
527.00 540.00 1393.00 540.00
547.00 540.00 1373.00 540.00
517.00 540.00 1403.00 540.00
517.00 540.00 1403.00 540.00
521.00 540.00 1399.00 540.00
524.00 540.00 1396.00 540.00
522.00 540.00 1398.00 540.00
519.00 540.00 1401.00 540.00
528.00 540.00 1392.00 540.00
543.00 540.00 1377.00 540.00
583.00 540.00 1337.00 540.00
518.00 540.00 1402.00 540.00
517.00 540.00 1403.00 540.00
