327.00 494.00 387.00 188.00
892.00 540.00 1028.00 540.00
651.00 540.00 1269.00 540.00
585.00 540.00 1335.00 540.00
534.00 540.00 1386.00 540.00
574.00 540.00 1346.00 540.00
522.00 540.00 1398.00 540.00
761.00 540.00 1159.00 540.00
671.00 538.50 1249.00 541.50
519.00 540.00 1401.00 540.00
532.00 540.00 1388.00 540.00
517.00 540.00 1403.00 540.00
517.00 540.00 1403.00 540.00
517.00 540.00 1403.00 540.00
517.00 540.00 1403.00 540.00
517.00 540.00 1403.00 540.00
517.00 540.00 1403.00 540.00
518.00 540.00 1402.00 540.00
591.00 370.00 1329.00 710.00
517.00 540.00 1403.00 540.00
517.00 540.00 1403.00 540.00
517.00 536.50 1403.00 543.50
517.00 540.00 1403.00 540.00
517.00 527.50 1403.00 552.50
517.00 536.00 1403.00 544.00
517.00 540.00 1403.00 540.00
517.00 540.00 1403.00 540.00
517.00 540.00 1403.00 540.00
517.00 540.00 1403.00 540.00
517.00 540.00 1403.00 540.00
517.00 540.00 1403.00 540.00
517.00 540.00 1403.00 540.00
517.00 540.00 1403.00 540.00
517.00 538.00 1403.00 542.00
517.00 531.50 1403.00 548.50
517.00 527.00 1403.00 553.00
517.00 540.00 1403.00 540.00
517.00 540.00 1403.00 540.00
517.00 538.00 1403.00 542.00
517.00 540.00 1403.00 540.00
517.00 540.00 1403.00 540.00
517.00 539.50 1403.00 540.50
517.00 539.50 1403.00 540.50
517.00 526.50 1403.00 553.50
517.00 540.00 1403.00 540.00
517.00 540.00 1403.00 540.00
517.00 540.00 1403.00 540.00
517.00 540.00 1403.00 540.00
517.00 540.00 1403.00 540.00
517.00 540.00 1403.00 540.00
519.00 540.00 1401.00 540.00
934.50 540.00 985.50 540.00
542.00 540.00 1378.00 540.00
603.00 540.00 1317.00 540.00
684.00 540.00 1236.00 540.00
958.00 540.00 962.00 540.00
770.00 540.00 1150.00 540.00
953.50 540.00 966.50 540.00
770.00 540.00 1150.00 540.00
924.50 540.00 995.50 540.00
651.00 540.00 1269.00 540.00
911.00 540.00 1009.00 540.00
522.00 540.00 1398.00 540.00
542.00 539.00 1378.00 541.00
517.00 525.00 1403.00 555.00
517.00 540.00 1403.00 540.00
517.00 540.00 1403.00 540.00
517.00 540.00 1403.00 540.00
517.00 370.00 1403.00 710.00
517.00 536.00 1403.00 544.00
517.00 515.50 1403.00 564.50
517.00 463.00 1403.00 617.00
517.00 513.50 1403.00 566.50
517.00 512.50 1403.00 567.50
517.00 534.50 1403.00 545.50
517.00 539.50 1403.00 540.50
517.00 540.00 1403.00 540.00
517.00 539.50 1403.00 540.50
517.00 540.00 1403.00 540.00
517.00 540.00 1403.00 540.00
517.00 538.50 1403.00 541.50
517.00 539.50 1403.00 540.50
517.00 540.00 1403.00 540.00
517.00 309.50 1403.00 770.50
517.00 537.00 1403.00 543.00
517.00 537.00 1403.00 543.00
517.00 536.00 1403.00 544.00
517.00 334.00 1403.00 746.00
517.00 536.00 1403.00 544.00
517.00 423.00 1403.00 657.00
517.00 540.00 1403.00 540.00
517.00 450.00 1403.00 630.00
517.00 538.50 1403.00 541.50
517.00 540.00 1403.00 540.00
517.00 480.50 1403.00 599.50
517.00 540.00 1403.00 540.00
517.00 535.50 1403.00 544.50
517.00 540.00 1403.00 540.00
517.00 539.50 1403.00 540.50
517.00 540.00 1403.00 540.00
517.00 539.00 1403.00 541.00
517.00 531.50 1403.00 548.50
517.00 539.50 1403.00 540.50
517.00 540.00 1403.00 540.00
517.00 540.00 1403.00 540.00
517.00 540.00 1403.00 540.00
517.00 540.00 1403.00 540.00
517.00 540.00 1403.00 540.00
517.00 540.00 1403.00 540.00
517.00 540.00 1403.00 540.00
517.00 540.00 1403.00 540.00
517.00 540.00 1403.00 540.00
517.00 540.00 1403.00 540.00
517.00 540.00 1403.00 540.00
517.00 540.00 1403.00 540.00
517.00 540.00 1403.00 540.00
517.00 540.00 1403.00 540.00
517.00 540.00 1403.00 540.00
517.00 540.00 1403.00 540.00
517.00 540.00 1403.00 540.00
517.00 540.00 1403.00 540.00
521.00 540.00 1399.00 540.00
534.00 540.00 1386.00 540.00
517.00 540.00 1403.00 540.00
517.00 540.00 1403.00 540.00
616.00 540.00 1304.00 540.00
955.50 540.00 964.50 540.00
698.00 540.00 1222.00 540.00
960.00 540.00 960.00 540.00
871.00 540.00 1049.00 540.00
955.50 540.00 964.50 540.00
800.00 540.00 1120.00 540.00
772.00 540.00 1148.00 540.00
582.00 540.00 1338.00 540.00
527.00 540.00 1393.00 540.00
532.00 540.00 1388.00 540.00
555.00 540.00 1365.00 540.00
517.00 540.00 1403.00 540.00
517.00 540.00 1403.00 540.00
517.00 540.00 1403.00 540.00
517.00 540.00 1403.00 540.00
526.00 540.00 1394.00 540.00
517.00 540.00 1403.00 540.00
518.00 540.00 1402.00 540.00
517.00 540.00 1403.00 540.00
517.00 540.00 1403.00 540.00
562.00 540.00 1358.00 540.00
582.00 540.00 1338.00 540.00
517.00 540.00 1403.00 540.00
517.00 540.00 1403.00 540.00
517.00 540.00 1403.00 540.00
517.00 540.00 1403.00 540.00
517.00 540.00 1403.00 540.00
517.00 540.00 1403.00 540.00
519.00 540.00 1401.00 540.00
522.00 540.00 1398.00 540.00
562.00 540.00 1358.00 540.00
517.00 540.00 1403.00 540.00
517.00 540.00 1403.00 540.00
517.00 540.00 1403.00 540.00
517.00 540.00 1403.00 540.00
517.00 540.00 1403.00 540.00
525.00 540.00 1395.00 540.00
614.00 540.00 1306.00 540.00
553.00 540.00 1367.00 540.00
960.00 540.00 960.00 540.00
952.50 540.00 967.50 540.00
876.00 540.00 1044.00 540.00
871.00 540.00 1049.00 540.00
945.00 540.00 975.00 540.00
669.00 540.00 1251.00 540.00
572.00 540.00 1348.00 540.00
596.00 540.00 1324.00 540.00
529.00 540.00 1391.00 540.00
733.00 540.00 1187.00 540.00
518.00 540.00 1402.00 540.00
517.00 540.00 1403.00 540.00
640.00 540.00 1280.00 540.00
610.00 540.00 1310.00 540.00
531.00 540.00 1389.00 540.00
518.00 540.00 1402.00 540.00
518.00 540.00 1402.00 540.00
567.00 540.00 1353.00 540.00
517.00 540.00 1403.00 540.00
556.00 540.00 1364.00 540.00
533.00 540.00 1387.00 540.00
518.00 540.00 1402.00 540.00
517.00 540.00 1403.00 540.00
517.00 540.00 1403.00 540.00
517.00 540.00 1403.00 540.00
517.00 540.00 1403.00 540.00
518.00 540.00 1402.00 540.00
565.00 540.00 1355.00 540.00
518.00 540.00 1402.00 540.00
527.00 540.00 1393.00 540.00
519.00 540.00 1401.00 540.00
518.00 540.00 1402.00 540.00
517.00 540.00 1403.00 540.00
517.00 540.00 1403.00 540.00
517.00 540.00 1403.00 540.00
517.00 540.00 1403.00 540.00
517.00 540.00 1403.00 540.00
517.00 540.00 1403.00 540.00
956.00 540.00 964.00 540.00
953.50 540.00 966.50 540.00
951.50 540.00 968.50 540.00
947.00 540.00 973.00 540.00
815.00 540.00 1105.00 540.00
852.00 540.00 1068.00 540.00
742.00 540.00 1178.00 540.00
628.00 540.00 1292.00 540.00
519.00 540.00 1401.00 540.00
518.00 540.00 1402.00 540.00
536.00 540.00 1384.00 540.00
561.00 540.00 1359.00 540.00
517.00 540.00 1403.00 540.00
517.00 540.00 1403.00 540.00
517.00 540.00 1403.00 540.00
517.00 540.00 1403.00 540.00
517.00 540.00 1403.00 540.00
517.00 540.00 1403.00 540.00
517.00 540.00 1403.00 540.00
517.00 540.00 1403.00 540.00
517.00 540.00 1403.00 540.00
517.00 540.00 1403.00 540.00
517.00 540.00 1403.00 540.00
517.00 540.00 1403.00 540.00
517.00 540.00 1403.00 540.00
517.00 540.00 1403.00 540.00
517.00 540.00 1403.00 540.00
517.00 540.00 1403.00 540.00
519.00 539.00 1401.00 541.00
517.00 540.00 1403.00 540.00
517.00 540.00 1403.00 540.00
517.00 535.50 1403.00 544.50
517.00 540.00 1403.00 540.00
517.00 540.00 1403.00 540.00
517.00 540.00 1403.00 540.00
517.00 540.00 1403.00 540.00
517.00 540.00 1403.00 540.00
517.00 539.00 1403.00 541.00
517.00 540.00 1403.00 540.00
517.00 540.00 1403.00 540.00
517.00 540.00 1403.00 540.00
517.00 540.00 1403.00 540.00
517.00 540.00 1403.00 540.00
517.00 540.00 1403.00 540.00
517.00 540.00 1403.00 540.00
517.00 540.00 1403.00 540.00
517.00 540.00 1403.00 540.00
517.00 540.00 1403.00 540.00
517.00 540.00 1403.00 540.00
517.00 540.00 1403.00 540.00
517.00 540.00 1403.00 540.00
517.00 540.00 1403.00 540.00
517.00 540.00 1403.00 540.00
517.00 540.00 1403.00 540.00
517.00 540.00 1403.00 540.00
517.00 540.00 1403.00 540.00
517.00 540.00 1403.00 540.00
517.00 540.00 1403.00 540.00
517.00 540.00 1403.00 540.00
517.00 540.00 1403.00 540.00
517.00 540.00 1403.00 540.00
517.00 540.00 1403.00 540.00
517.00 540.00 1403.00 540.00
517.00 540.00 1403.00 540.00
517.00 540.00 1403.00 540.00
517.00 540.00 1403.00 540.00
517.00 540.00 1403.00 540.00
517.00 540.00 1403.00 540.00
517.00 540.00 1403.00 540.00
517.00 540.00 1403.00 540.00
517.00 540.00 1403.00 540.00
517.00 540.00 1403.00 540.00
517.00 540.00 1403.00 540.00
517.00 540.00 1403.00 540.00
517.00 540.00 1403.00 540.00
517.00 540.00 1403.00 540.00
517.00 540.00 1403.00 540.00
517.00 540.00 1403.00 540.00
517.00 540.00 1403.00 540.00
518.00 540.00 1402.00 540.00
682.00 540.00 1238.00 540.00
605.00 540.00 1315.00 540.00
955.50 540.00 964.50 540.00
517.00 540.00 1403.00 540.00
595.00 540.00 1325.00 540.00
527.00 540.00 1393.00 540.00
517.00 540.00 1403.00 540.00
570.00 540.00 1350.00 540.00
518.00 540.00 1402.00 540.00
517.00 540.00 1403.00 540.00
517.00 540.00 1403.00 540.00
517.00 540.00 1403.00 540.00
517.00 540.00 1403.00 540.00
517.00 540.00 1403.00 540.00
518.00 540.00 1402.00 540.00
517.00 540.00 1403.00 540.00
517.00 540.00 1403.00 540.00
