1269.00 527.00 100.00 107.00
531.00 291.00 1389.00 789.00
585.00 305.00 1335.00 775.00
522.00 291.50 1398.00 788.50
659.00 290.50 1261.00 789.50
638.00 331.50 1282.00 748.50
668.00 291.00 1252.00 789.00
551.00 297.00 1369.00 783.00
532.00 315.00 1388.00 765.00
541.00 296.50 1379.00 783.50
525.00 495.50 1395.00 584.50
538.00 325.50 1382.00 754.50
564.00 290.50 1356.00 789.50
527.00 292.50 1393.00 787.50
569.00 290.50 1351.00 789.50
725.00 290.50 1195.00 789.50
531.00 290.50 1389.00 789.50
527.00 300.00 1393.00 780.00
597.00 296.50 1323.00 783.50
635.00 346.00 1285.00 734.00
644.00 332.00 1276.00 748.00
698.00 293.50 1222.00 786.50
535.00 291.50 1385.00 788.50
656.00 291.00 1264.00 789.00
517.00 290.50 1403.00 789.50
547.00 326.00 1373.00 754.00
644.00 291.50 1276.00 788.50
517.00 290.50 1403.00 789.50
612.00 298.00 1308.00 782.00
634.00 312.00 1286.00 768.00
636.00 311.00 1284.00 769.00
531.00 290.50 1389.00 789.50
542.00 290.50 1378.00 789.50
526.00 291.00 1394.00 789.00
567.00 301.00 1353.00 779.00
653.00 290.50 1267.00 789.50
571.00 290.50 1349.00 789.50
523.00 291.00 1397.00 789.00
613.00 291.00 1307.00 789.00
597.00 348.50 1323.00 731.50
546.00 290.50 1374.00 789.50
526.00 290.50 1394.00 789.50
524.00 291.00 1396.00 789.00
528.00 290.50 1392.00 789.50
576.00 290.50 1344.00 789.50
607.00 290.50 1313.00 789.50
574.00 290.50 1346.00 789.50
678.00 290.50 1242.00 789.50
646.00 290.50 1274.00 789.50
587.00 290.50 1333.00 789.50
620.00 290.50 1300.00 789.50
682.00 292.50 1238.00 787.50
752.00 292.00 1168.00 788.00
759.00 321.50 1161.00 758.50
747.00 293.00 1173.00 787.00
879.00 290.50 1041.00 789.50
660.00 298.50 1260.00 781.50
761.00 290.50 1159.00 789.50
792.00 290.50 1128.00 789.50
567.00 295.00 1353.00 785.00
717.00 290.50 1203.00 789.50
638.00 290.50 1282.00 789.50
698.00 290.50 1222.00 789.50
535.00 295.50 1385.00 784.50
716.00 293.00 1204.00 787.00
603.00 290.50 1317.00 789.50
552.00 290.50 1368.00 789.50
523.00 290.50 1397.00 789.50
550.00 291.00 1370.00 789.00
607.00 537.00 1313.00 543.00
600.00 290.50 1320.00 789.50
519.00 291.50 1401.00 788.50
539.00 292.50 1381.00 787.50
520.00 301.50 1400.00 778.50
709.00 298.00 1211.00 782.00
610.00 290.50 1310.00 789.50
544.00 290.50 1376.00 789.50
619.00 290.50 1301.00 789.50
797.00 290.50 1123.00 789.50
633.00 305.50 1287.00 774.50
720.00 292.00 1200.00 788.00
858.00 295.50 1062.00 784.50
660.00 298.50 1260.00 781.50
634.00 292.50 1286.00 787.50
565.00 294.50 1355.00 785.50
565.00 292.00 1355.00 788.00
529.00 306.50 1391.00 773.50
666.00 290.50 1254.00 789.50
734.00 292.00 1186.00 788.00
684.00 290.50 1236.00 789.50
589.00 291.00 1331.00 789.00
685.00 297.00 1235.00 783.00
518.00 291.00 1402.00 789.00
598.00 290.50 1322.00 789.50
824.00 290.50 1096.00 789.50
608.00 291.50 1312.00 788.50
554.00 291.00 1366.00 789.00
603.00 293.00 1317.00 787.00
622.00 296.00 1298.00 784.00
854.00 294.50 1066.00 785.50
613.00 303.00 1307.00 777.00
618.00 293.00 1302.00 787.00
586.00 525.00 1334.00 555.00
639.00 305.50 1281.00 774.50
699.00 386.00 1221.00 694.00
638.00 291.00 1282.00 789.00
667.00 291.00 1253.00 789.00
708.00 327.00 1212.00 753.00
811.00 540.00 1109.00 540.00
598.00 290.50 1322.00 789.50
556.00 292.50 1364.00 787.50
637.00 291.00 1283.00 789.00
517.00 293.50 1403.00 786.50
518.00 290.50 1402.00 789.50
586.00 292.50 1334.00 787.50
614.00 293.00 1306.00 787.00
615.00 290.50 1305.00 789.50
694.00 290.50 1226.00 789.50
530.00 290.50 1390.00 789.50
537.00 290.50 1383.00 789.50
622.00 290.50 1298.00 789.50
517.00 290.50 1403.00 789.50
569.00 301.00 1351.00 779.00
848.00 292.00 1072.00 788.00
519.00 292.00 1401.00 788.00
546.00 302.00 1374.00 778.00
523.00 291.00 1397.00 789.00
645.00 290.50 1275.00 789.50
645.00 290.50 1275.00 789.50
713.00 292.00 1207.00 788.00
663.00 291.00 1257.00 789.00
658.00 290.50 1262.00 789.50
661.00 292.50 1259.00 787.50
737.00 322.50 1183.00 757.50
675.00 347.50 1245.00 732.50
709.00 391.50 1211.00 688.50
770.00 424.00 1150.00 656.00
908.50 511.00 1011.50 569.00
924.50 540.00 995.50 540.00
928.00 459.00 992.00 621.00
717.00 308.50 1203.00 771.50
748.00 291.50 1172.00 788.50
957.00 540.00 963.00 540.00
718.00 495.00 1202.00 585.00
775.00 302.00 1145.00 778.00
937.50 297.00 982.50 783.00
947.00 540.00 973.00 540.00
904.50 539.00 1015.50 541.00
780.00 313.00 1140.00 767.00
950.50 540.00 969.50 540.00
958.00 292.00 962.00 788.00
894.00 303.00 1026.00 777.00
956.00 304.00 964.00 776.00
939.50 490.50 980.50 589.50
925.50 307.50 994.50 772.50
957.00 344.50 963.00 735.50
872.00 290.50 1048.00 789.50
788.00 291.50 1132.00 788.50
841.00 300.50 1079.00 779.50
899.00 311.00 1021.00 769.00
530.00 363.50 1390.00 716.50
608.00 294.50 1312.00 785.50
794.00 293.00 1126.00 787.00
656.00 299.50 1264.00 780.50
750.00 314.50 1170.00 765.50
871.00 499.50 1049.00 580.50
692.00 324.50 1228.00 755.50
950.50 308.00 969.50 772.00
955.50 293.50 964.50 786.50
844.00 290.50 1076.00 789.50
532.00 297.00 1388.00 783.00
709.00 291.00 1211.00 789.00
602.00 292.50 1318.00 787.50
751.00 299.00 1169.00 781.00
709.00 305.50 1211.00 774.50
797.00 434.50 1123.00 645.50
926.00 290.50 994.00 789.50
860.00 353.00 1060.00 727.00
821.00 296.00 1099.00 784.00
809.00 292.50 1111.00 787.50
913.00 290.50 1007.00 789.50
951.50 304.50 968.50 775.50
899.00 296.50 1021.00 783.50
756.00 301.00 1164.00 779.00
728.00 302.00 1192.00 778.00
758.00 290.50 1162.00 789.50
610.00 293.50 1310.00 786.50
893.00 290.50 1027.00 789.50
710.00 318.00 1210.00 762.00
632.00 299.00 1288.00 781.00
940.50 290.50 979.50 789.50
873.00 290.50 1047.00 789.50
759.00 292.00 1161.00 788.00
916.00 440.00 1004.00 640.00
673.00 357.00 1247.00 723.00
752.00 290.50 1168.00 789.50
670.00 290.50 1250.00 789.50
831.00 293.00 1089.00 787.00
690.00 478.50 1230.00 601.50
690.00 417.00 1230.00 663.00
871.00 307.00 1049.00 773.00
787.00 291.50 1133.00 788.50
800.00 305.50 1120.00 774.50
709.00 302.50 1211.00 777.50
805.00 293.50 1115.00 786.50
685.00 295.00 1235.00 785.00
644.00 297.00 1276.00 783.00
843.00 316.50 1077.00 763.50
651.00 291.50 1269.00 788.50
847.00 421.00 1073.00 659.00
759.00 482.50 1161.00 597.50
861.00 493.50 1059.00 586.50
772.00 315.00 1148.00 765.00
884.00 540.00 1036.00 540.00
789.00 539.50 1131.00 540.50
674.00 363.00 1246.00 717.00
596.00 295.00 1324.00 785.00
748.00 527.00 1172.00 553.00
926.00 302.00 994.00 778.00
654.00 298.50 1266.00 781.50
532.00 430.00 1388.00 650.00
619.00 295.00 1301.00 785.00
595.00 348.00 1325.00 732.00
833.00 511.00 1087.00 569.00
668.00 291.00 1252.00 789.00
517.00 296.50 1403.00 783.50
836.00 421.50 1084.00 658.50
632.00 294.50 1288.00 785.50
738.00 290.50 1182.00 789.50
840.00 291.00 1080.00 789.00
913.00 292.50 1007.00 787.50
933.00 290.50 987.00 789.50
697.00 290.50 1223.00 789.50
718.00 290.50 1202.00 789.50
703.00 290.50 1217.00 789.50
842.00 290.50 1078.00 789.50
723.00 290.50 1197.00 789.50
911.00 290.50 1009.00 789.50
526.00 291.50 1394.00 788.50
638.00 290.50 1282.00 789.50
647.00 290.50 1273.00 789.50
537.00 291.00 1383.00 789.00
665.00 309.00 1255.00 771.00
834.00 298.50 1086.00 781.50
583.00 291.00 1337.00 789.00
537.00 290.50 1383.00 789.50
562.00 290.50 1358.00 789.50
639.00 321.00 1281.00 759.00
694.00 460.00 1226.00 620.00
625.00 290.50 1295.00 789.50
739.00 290.50 1181.00 789.50
569.00 291.50 1351.00 788.50
694.00 291.00 1226.00 789.00
620.00 290.50 1300.00 789.50
609.00 291.50 1311.00 788.50
611.00 292.50 1309.00 787.50
540.00 290.50 1380.00 789.50
789.00 290.50 1131.00 789.50
729.00 290.50 1191.00 789.50
741.00 290.50 1179.00 789.50
654.00 291.00 1266.00 789.00
636.00 290.50 1284.00 789.50
723.00 290.50 1197.00 789.50
704.00 290.50 1216.00 789.50
583.00 290.50 1337.00 789.50
698.00 290.50 1222.00 789.50
774.00 290.50 1146.00 789.50
735.00 290.50 1185.00 789.50
520.00 292.50 1400.00 787.50
715.00 290.50 1205.00 789.50
543.00 290.50 1377.00 789.50
605.00 290.50 1315.00 789.50
751.00 290.50 1169.00 789.50
712.00 290.50 1208.00 789.50
584.00 291.50 1336.00 788.50
622.00 420.00 1298.00 660.00
754.00 291.00 1166.00 789.00
719.00 290.50 1201.00 789.50
567.00 292.00 1353.00 788.00
657.00 291.50 1263.00 788.50
523.00 299.50 1397.00 780.50
575.00 314.00 1345.00 766.00
518.00 290.50 1402.00 789.50
519.00 290.50 1401.00 789.50
530.00 291.00 1390.00 789.00
606.00 290.50 1314.00 789.50
569.00 293.00 1351.00 787.00
517.00 305.00 1403.00 775.00
517.00 291.00 1403.00 789.00
525.00 297.00 1395.00 783.00
529.00 330.50 1391.00 749.50
529.00 291.00 1391.00 789.00
566.00 290.50 1354.00 789.50
518.00 292.00 1402.00 788.00
552.00 290.50 1368.00 789.50
521.00 300.50 1399.00 779.50
548.00 290.50 1372.00 789.50
610.00 290.50 1310.00 789.50
614.00 290.50 1306.00 789.50
596.00 291.00 1324.00 789.00
