321.00 696.00 194.00 152.00
535.00 537.00 1385.00 543.00
518.00 538.50 1402.00 541.50
520.00 485.00 1400.00 595.00
520.00 539.00 1400.00 541.00
517.00 540.00 1403.00 540.00
520.00 540.00 1400.00 540.00
518.00 498.50 1402.00 581.50
529.00 291.00 1391.00 789.00
518.00 291.50 1402.00 788.50
555.00 534.00 1365.00 546.00
596.00 540.00 1324.00 540.00
519.00 540.00 1401.00 540.00
545.00 527.00 1375.00 553.00
541.00 540.00 1379.00 540.00
591.00 393.50 1329.00 686.50
568.00 291.00 1352.00 789.00
575.00 521.50 1345.00 558.50
616.00 540.00 1304.00 540.00
741.00 297.50 1179.00 782.50
711.00 301.00 1209.00 779.00
601.00 291.50 1319.00 788.50
582.00 291.50 1338.00 788.50
735.00 540.00 1185.00 540.00
551.00 535.50 1369.00 544.50
701.00 476.50 1219.00 603.50
640.00 540.00 1280.00 540.00
594.00 539.50 1326.00 540.50
578.00 358.00 1342.00 722.00
597.00 292.00 1323.00 788.00
560.00 534.00 1360.00 546.00
653.00 518.50 1267.00 561.50
592.00 316.50 1328.00 763.50
606.00 316.50 1314.00 763.50
571.00 319.50 1349.00 760.50
622.00 294.50 1298.00 785.50
763.00 539.50 1157.00 540.50
730.00 540.00 1190.00 540.00
617.00 540.00 1303.00 540.00
535.00 540.00 1385.00 540.00
637.00 540.00 1283.00 540.00
528.00 540.00 1392.00 540.00
525.00 540.00 1395.00 540.00
725.00 540.00 1195.00 540.00
682.00 294.50 1238.00 785.50
741.00 540.00 1179.00 540.00
631.00 540.00 1289.00 540.00
547.00 540.00 1373.00 540.00
528.00 540.00 1392.00 540.00
548.00 540.00 1372.00 540.00
577.00 540.00 1343.00 540.00
590.00 540.00 1330.00 540.00
523.00 540.00 1397.00 540.00
530.00 540.00 1390.00 540.00
517.00 540.00 1403.00 540.00
517.00 540.00 1403.00 540.00
526.00 540.00 1394.00 540.00
585.00 540.00 1335.00 540.00
600.00 540.00 1320.00 540.00
528.00 540.00 1392.00 540.00
518.00 540.00 1402.00 540.00
856.00 540.00 1064.00 540.00
609.00 538.00 1311.00 542.00
628.00 539.00 1292.00 541.00
565.00 540.00 1355.00 540.00
536.00 540.00 1384.00 540.00
562.00 540.00 1358.00 540.00
591.00 540.00 1329.00 540.00
567.00 533.50 1353.00 546.50
594.00 301.00 1326.00 779.00
712.00 540.00 1208.00 540.00
601.00 540.00 1319.00 540.00
567.00 357.00 1353.00 723.00
703.00 291.00 1217.00 789.00
663.00 540.00 1257.00 540.00
690.00 539.50 1230.00 540.50
517.00 540.00 1403.00 540.00
906.50 540.00 1013.50 540.00
647.00 540.00 1273.00 540.00
618.00 540.00 1302.00 540.00
651.00 539.50 1269.00 540.50
573.00 534.50 1347.00 545.50
568.00 539.50 1352.00 540.50
573.00 540.00 1347.00 540.00
574.00 540.00 1346.00 540.00
554.00 540.00 1366.00 540.00
595.00 540.00 1325.00 540.00
713.00 540.00 1207.00 540.00
606.00 540.00 1314.00 540.00
626.00 540.00 1294.00 540.00
734.00 540.00 1186.00 540.00
584.00 540.00 1336.00 540.00
868.00 540.00 1052.00 540.00
822.00 540.00 1098.00 540.00
626.00 530.50 1294.00 549.50
712.00 540.00 1208.00 540.00
638.00 536.00 1282.00 544.00
691.00 540.00 1229.00 540.00
547.00 538.00 1373.00 542.00
633.00 481.50 1287.00 598.50
755.00 540.00 1165.00 540.00
530.00 540.00 1390.00 540.00
636.00 540.00 1284.00 540.00
617.00 540.00 1303.00 540.00
525.00 539.50 1395.00 540.50
705.00 472.50 1215.00 607.50
626.00 538.50 1294.00 541.50
570.00 539.50 1350.00 540.50
641.00 540.00 1279.00 540.00
550.00 540.00 1370.00 540.00
727.00 540.00 1193.00 540.00
925.50 540.00 994.50 540.00
525.00 540.00 1395.00 540.00
552.00 513.00 1368.00 567.00
655.00 538.00 1265.00 542.00
580.00 540.00 1340.00 540.00
599.00 292.50 1321.00 787.50
596.00 347.50 1324.00 732.50
659.00 303.00 1261.00 777.00
523.00 295.50 1397.00 784.50
578.00 293.00 1342.00 787.00
835.00 540.00 1085.00 540.00
755.00 540.00 1165.00 540.00
532.00 339.50 1388.00 740.50
616.00 445.00 1304.00 635.00
581.00 380.50 1339.00 699.50
551.00 533.00 1369.00 547.00
609.00 431.00 1311.00 649.00
810.00 537.00 1110.00 543.00
603.00 418.50 1317.00 661.50
612.00 506.00 1308.00 574.00
657.00 530.50 1263.00 549.50
659.00 518.50 1261.00 561.50
674.00 540.00 1246.00 540.00
533.00 533.00 1387.00 547.00
520.00 485.00 1400.00 595.00
643.00 540.00 1277.00 540.00
597.00 540.00 1323.00 540.00
609.00 538.50 1311.00 541.50
519.00 540.00 1401.00 540.00
598.00 431.50 1322.00 648.50
729.00 539.50 1191.00 540.50
595.00 536.50 1325.00 543.50
618.00 401.50 1302.00 678.50
578.00 320.50 1342.00 759.50
638.00 540.00 1282.00 540.00
594.00 522.00 1326.00 558.00
610.00 539.50 1310.00 540.50
581.00 540.00 1339.00 540.00
638.00 365.00 1282.00 715.00
621.00 480.50 1299.00 599.50
579.00 293.50 1341.00 786.50
624.00 389.50 1296.00 690.50
596.00 519.50 1324.00 560.50
586.00 540.00 1334.00 540.00
554.00 290.50 1366.00 789.50
520.00 370.50 1400.00 709.50
535.00 332.00 1385.00 748.00
583.00 540.00 1337.00 540.00
544.00 375.50 1376.00 704.50
518.00 521.00 1402.00 559.00
534.00 298.50 1386.00 781.50
518.00 540.00 1402.00 540.00
581.00 522.50 1339.00 557.50
555.00 539.50 1365.00 540.50
562.00 406.50 1358.00 673.50
535.00 540.00 1385.00 540.00
518.00 540.00 1402.00 540.00
537.00 540.00 1383.00 540.00
633.00 540.00 1287.00 540.00
522.00 540.00 1398.00 540.00
531.00 540.00 1389.00 540.00
536.00 540.00 1384.00 540.00
532.00 540.00 1388.00 540.00
562.00 540.00 1358.00 540.00
518.00 540.00 1402.00 540.00
532.00 523.50 1388.00 556.50
547.00 540.00 1373.00 540.00
518.00 540.00 1402.00 540.00
589.00 537.50 1331.00 542.50
526.00 539.50 1394.00 540.50
544.00 377.50 1376.00 702.50
518.00 528.50 1402.00 551.50
517.00 540.00 1403.00 540.00
636.00 303.00 1284.00 777.00
540.00 294.50 1380.00 785.50
660.00 290.50 1260.00 789.50
519.00 530.50 1401.00 549.50
738.00 294.50 1182.00 785.50
535.00 537.00 1385.00 543.00
588.00 355.00 1332.00 725.00
548.00 502.00 1372.00 578.00
606.00 292.50 1314.00 787.50
771.00 540.00 1149.00 540.00
592.00 524.00 1328.00 556.00
716.00 291.00 1204.00 789.00
632.00 517.50 1288.00 562.50
752.00 298.50 1168.00 781.50
708.00 527.50 1212.00 552.50
617.00 405.50 1303.00 674.50
721.00 540.00 1199.00 540.00
764.00 518.00 1156.00 562.00
950.50 540.00 969.50 540.00
663.00 540.00 1257.00 540.00
761.00 540.00 1159.00 540.00
755.00 352.50 1165.00 727.50
934.00 540.00 986.00 540.00
914.00 540.00 1006.00 540.00
697.00 470.50 1223.00 609.50
937.50 293.50 982.50 786.50
609.00 540.00 1311.00 540.00
599.00 540.00 1321.00 540.00
525.00 540.00 1395.00 540.00
798.00 539.00 1122.00 541.00
646.00 540.00 1274.00 540.00
525.00 540.00 1395.00 540.00
587.00 539.00 1333.00 541.00
615.00 540.00 1305.00 540.00
575.00 540.00 1345.00 540.00
525.00 540.00 1395.00 540.00
562.00 540.00 1358.00 540.00
519.00 540.00 1401.00 540.00
521.00 539.50 1399.00 540.50
547.00 540.00 1373.00 540.00
677.00 511.50 1243.00 568.50
545.00 540.00 1375.00 540.00
518.00 540.00 1402.00 540.00
548.00 540.00 1372.00 540.00
517.00 539.00 1403.00 541.00
517.00 540.00 1403.00 540.00
517.00 538.00 1403.00 542.00
523.00 326.00 1397.00 754.00
529.00 509.00 1391.00 571.00
571.00 540.00 1349.00 540.00
536.00 495.50 1384.00 584.50
522.00 540.00 1398.00 540.00
562.00 539.50 1358.00 540.50
605.00 539.00 1315.00 541.00
522.00 540.00 1398.00 540.00
520.00 540.00 1400.00 540.00
523.00 540.00 1397.00 540.00
521.00 540.00 1399.00 540.00
573.00 297.50 1347.00 782.50
542.00 382.50 1378.00 697.50
577.00 386.50 1343.00 693.50
518.00 540.00 1402.00 540.00
521.00 540.00 1399.00 540.00
526.00 539.00 1394.00 541.00
518.00 539.00 1402.00 541.00
517.00 540.00 1403.00 540.00
536.00 339.00 1384.00 741.00
555.00 537.50 1365.00 542.50
517.00 409.00 1403.00 671.00
519.00 304.00 1401.00 776.00
518.00 537.50 1402.00 542.50
518.00 471.00 1402.00 609.00
517.00 457.00 1403.00 623.00
517.00 540.00 1403.00 540.00
517.00 540.00 1403.00 540.00
534.00 539.50 1386.00 540.50
524.00 540.00 1396.00 540.00
523.00 540.00 1397.00 540.00
577.00 540.00 1343.00 540.00
517.00 540.00 1403.00 540.00
519.00 540.00 1401.00 540.00
517.00 540.00 1403.00 540.00
542.00 540.00 1378.00 540.00
518.00 540.00 1402.00 540.00
560.00 540.00 1360.00 540.00
587.00 540.00 1333.00 540.00
530.00 540.00 1390.00 540.00
520.00 294.50 1400.00 785.50
603.00 540.00 1317.00 540.00
528.00 540.00 1392.00 540.00
518.00 540.00 1402.00 540.00
517.00 540.00 1403.00 540.00
519.00 540.00 1401.00 540.00
517.00 518.00 1403.00 562.00
549.00 539.50 1371.00 540.50
518.00 540.00 1402.00 540.00
522.00 498.00 1398.00 582.00
545.00 539.00 1375.00 541.00
537.00 507.50 1383.00 572.50
542.00 540.00 1378.00 540.00
629.00 527.50 1291.00 552.50
546.00 540.00 1374.00 540.00
535.00 540.00 1385.00 540.00
596.00 518.50 1324.00 561.50
554.00 290.50 1366.00 789.50
552.00 539.00 1368.00 541.00
533.00 290.50 1387.00 789.50
582.00 290.50 1338.00 789.50
713.00 290.50 1207.00 789.50
629.00 290.50 1291.00 789.50
526.00 290.50 1394.00 789.50
656.00 290.50 1264.00 789.50
687.00 290.50 1233.00 789.50
568.00 291.50 1352.00 788.50
692.00 527.50 1228.00 552.50
562.00 290.50 1358.00 789.50
