779.00 300.00 175.00 286.00
608.00 540.00 1312.00 540.00
679.00 309.50 1241.00 770.50
953.50 533.50 966.50 546.50
786.00 536.00 1134.00 544.00
832.00 540.00 1088.00 540.00
956.00 540.00 964.00 540.00
951.50 540.00 968.50 540.00
955.50 540.00 964.50 540.00
960.00 540.00 960.00 540.00
956.00 540.00 964.00 540.00
946.00 540.00 974.00 540.00
895.00 540.00 1025.00 540.00
781.00 465.00 1139.00 615.00
831.00 540.00 1089.00 540.00
712.00 540.00 1208.00 540.00
959.00 540.00 961.00 540.00
955.50 540.00 964.50 540.00
960.00 540.00 960.00 540.00
960.00 540.00 960.00 540.00
959.00 540.00 961.00 540.00
947.00 540.00 973.00 540.00
956.00 540.00 964.00 540.00
892.00 540.00 1028.00 540.00
610.00 540.00 1310.00 540.00
612.00 540.00 1308.00 540.00
643.00 540.00 1277.00 540.00
517.00 540.00 1403.00 540.00
517.00 540.00 1403.00 540.00
586.00 540.00 1334.00 540.00
548.00 540.00 1372.00 540.00
535.00 540.00 1385.00 540.00
548.00 540.00 1372.00 540.00
518.00 540.00 1402.00 540.00
530.00 540.00 1390.00 540.00
526.00 540.00 1394.00 540.00
533.00 540.00 1387.00 540.00
519.00 540.00 1401.00 540.00
544.00 540.00 1376.00 540.00
619.00 540.00 1301.00 540.00
520.00 540.00 1400.00 540.00
525.00 540.00 1395.00 540.00
527.00 540.00 1393.00 540.00
591.00 540.00 1329.00 540.00
548.00 540.00 1372.00 540.00
949.50 540.00 970.50 540.00
725.00 540.00 1195.00 540.00
668.00 540.00 1252.00 540.00
753.00 540.00 1167.00 540.00
658.00 540.00 1262.00 540.00
785.00 540.00 1135.00 540.00
641.00 540.00 1279.00 540.00
615.00 540.00 1305.00 540.00
618.00 540.00 1302.00 540.00
686.00 540.00 1234.00 540.00
622.00 540.00 1298.00 540.00
799.00 540.00 1121.00 540.00
953.50 540.00 966.50 540.00
618.00 540.00 1302.00 540.00
747.00 539.50 1173.00 540.50
708.00 537.50 1212.00 542.50
656.00 540.00 1264.00 540.00
742.00 540.00 1178.00 540.00
767.00 540.00 1153.00 540.00
698.00 540.00 1222.00 540.00
660.00 529.50 1260.00 550.50
615.00 539.50 1305.00 540.50
605.00 397.00 1315.00 683.00
529.00 511.00 1391.00 569.00
598.00 529.50 1322.00 550.50
581.00 480.00 1339.00 600.00
652.00 538.50 1268.00 541.50
951.50 540.00 968.50 540.00
960.00 540.00 960.00 540.00
959.00 539.50 961.00 540.50
958.00 538.50 962.00 541.50
905.50 306.00 1014.50 774.00
800.00 516.50 1120.00 563.50
719.00 451.00 1201.00 629.00
668.00 492.50 1252.00 587.50
648.00 540.00 1272.00 540.00
518.00 527.00 1402.00 553.00
535.00 512.50 1385.00 567.50
517.00 447.50 1403.00 632.50
522.00 540.00 1398.00 540.00
521.00 464.50 1399.00 615.50
551.00 521.00 1369.00 559.00
663.00 539.50 1257.00 540.50
517.00 540.00 1403.00 540.00
518.00 540.00 1402.00 540.00
517.00 539.50 1403.00 540.50
517.00 539.00 1403.00 541.00
518.00 540.00 1402.00 540.00
517.00 540.00 1403.00 540.00
523.00 540.00 1397.00 540.00
574.00 521.00 1346.00 559.00
609.00 540.00 1311.00 540.00
756.00 540.00 1164.00 540.00
956.00 540.00 964.00 540.00
955.50 540.00 964.50 540.00
902.00 540.00 1018.00 540.00
779.00 540.00 1141.00 540.00
594.00 540.00 1326.00 540.00
518.00 540.00 1402.00 540.00
517.00 540.00 1403.00 540.00
517.00 540.00 1403.00 540.00
517.00 540.00 1403.00 540.00
517.00 540.00 1403.00 540.00
517.00 540.00 1403.00 540.00
517.00 540.00 1403.00 540.00
518.00 540.00 1402.00 540.00
532.00 540.00 1388.00 540.00
517.00 540.00 1403.00 540.00
517.00 540.00 1403.00 540.00
522.00 540.00 1398.00 540.00
520.00 540.00 1400.00 540.00
518.00 538.00 1402.00 542.00
520.00 540.00 1400.00 540.00
517.00 540.00 1403.00 540.00
517.00 540.00 1403.00 540.00
517.00 540.00 1403.00 540.00
517.00 540.00 1403.00 540.00
517.00 540.00 1403.00 540.00
518.00 477.00 1402.00 603.00
519.00 540.00 1401.00 540.00
517.00 539.50 1403.00 540.50
519.00 532.00 1401.00 548.00
517.00 540.00 1403.00 540.00
532.00 540.00 1388.00 540.00
848.00 540.00 1072.00 540.00
788.00 539.00 1132.00 541.00
818.00 537.50 1102.00 542.50
643.00 538.50 1277.00 541.50
584.00 540.00 1336.00 540.00
608.00 292.00 1312.00 788.00
611.00 428.00 1309.00 652.00
651.00 299.50 1269.00 780.50
643.00 538.00 1277.00 542.00
574.00 540.00 1346.00 540.00
556.00 526.50 1364.00 553.50
600.00 425.50 1320.00 654.50
536.00 528.50 1384.00 551.50
520.00 540.00 1400.00 540.00
605.00 350.50 1315.00 729.50
940.50 540.00 979.50 540.00
825.00 540.00 1095.00 540.00
600.00 480.00 1320.00 600.00
557.00 539.50 1363.00 540.50
518.00 540.00 1402.00 540.00
650.00 538.00 1270.00 542.00
823.00 443.00 1097.00 637.00
959.00 534.50 961.00 545.50
960.00 519.50 960.00 560.50
960.00 399.50 960.00 680.50
960.00 540.00 960.00 540.00
959.00 540.00 961.00 540.00
960.00 540.00 960.00 540.00
958.00 540.00 962.00 540.00
960.00 540.00 960.00 540.00
960.00 540.00 960.00 540.00
960.00 294.50 960.00 785.50
960.00 540.00 960.00 540.00
959.00 517.00 961.00 563.00
952.50 539.50 967.50 540.50
959.00 475.00 961.00 605.00
959.00 536.50 961.00 543.50
954.50 524.50 965.50 555.50
910.50 477.00 1009.50 603.00
798.00 494.50 1122.00 585.50
805.00 540.00 1115.00 540.00
839.00 539.00 1081.00 541.00
742.00 540.00 1178.00 540.00
728.00 540.00 1192.00 540.00
892.00 536.00 1028.00 544.00
939.50 540.00 980.50 540.00
902.00 540.00 1018.00 540.00
876.00 514.00 1044.00 566.00
898.00 535.50 1022.00 544.50
926.00 432.50 994.00 647.50
927.00 346.00 993.00 734.00
959.00 540.00 961.00 540.00
960.00 290.50 960.00 789.50
960.00 341.50 960.00 738.50
960.00 295.50 960.00 784.50
960.00 299.00 960.00 781.00
960.00 540.00 960.00 540.00
960.00 292.00 960.00 788.00
960.00 295.00 960.00 785.00
959.00 540.00 961.00 540.00
959.00 315.00 961.00 765.00
955.50 540.00 964.50 540.00
957.00 531.50 963.00 548.50
959.00 539.50 961.00 540.50
959.00 537.00 961.00 543.00
960.00 532.50 960.00 547.50
960.00 540.00 960.00 540.00
960.00 539.00 960.00 541.00
960.00 540.00 960.00 540.00
960.00 537.00 960.00 543.00
946.00 540.00 974.00 540.00
684.00 368.50 1236.00 711.50
541.00 540.00 1379.00 540.00
577.00 540.00 1343.00 540.00
544.00 540.00 1376.00 540.00
525.00 530.50 1395.00 549.50
521.00 540.00 1399.00 540.00
517.00 539.50 1403.00 540.50
518.00 501.50 1402.00 578.50
704.00 540.00 1216.00 540.00
540.00 454.00 1380.00 626.00
820.00 540.00 1100.00 540.00
728.00 421.00 1192.00 659.00
955.50 540.00 964.50 540.00
960.00 333.50 960.00 746.50
958.00 385.50 962.00 694.50
960.00 420.50 960.00 659.50
960.00 467.00 960.00 613.00
960.00 404.50 960.00 675.50
960.00 300.00 960.00 780.00
960.00 290.50 960.00 789.50
960.00 290.50 960.00 789.50
959.00 297.50 961.00 782.50
960.00 524.50 960.00 555.50
958.00 540.00 962.00 540.00
814.00 455.50 1106.00 624.50
738.00 316.00 1182.00 764.00
878.00 540.00 1042.00 540.00
743.00 508.50 1177.00 571.50
752.00 290.50 1168.00 789.50
818.00 539.50 1102.00 540.50
696.00 539.00 1224.00 541.00
876.00 337.00 1044.00 743.00
796.00 540.00 1124.00 540.00
809.00 540.00 1111.00 540.00
727.00 355.00 1193.00 725.00
642.00 386.00 1278.00 694.00
621.00 536.00 1299.00 544.00
571.00 486.00 1349.00 594.00
614.00 493.50 1306.00 586.50
578.00 540.00 1342.00 540.00
622.00 540.00 1298.00 540.00
562.00 540.00 1358.00 540.00
629.00 487.50 1291.00 592.50
832.00 540.00 1088.00 540.00
828.00 505.00 1092.00 575.00
689.00 539.50 1231.00 540.50
827.00 494.50 1093.00 585.50
915.00 291.00 1005.00 789.00
947.00 366.00 973.00 714.00
877.00 291.00 1043.00 789.00
953.50 293.00 966.50 787.00
960.00 290.50 960.00 789.50
959.00 433.00 961.00 647.00
960.00 290.50 960.00 789.50
960.00 290.50 960.00 789.50
960.00 290.50 960.00 789.50
960.00 290.50 960.00 789.50
960.00 290.50 960.00 789.50
960.00 290.50 960.00 789.50
958.00 291.00 962.00 789.00
955.50 299.00 964.50 781.00
951.50 290.50 968.50 789.50
941.00 290.50 979.00 789.50
927.00 290.50 993.00 789.50
871.00 302.50 1049.00 777.50
912.00 468.00 1008.00 612.00
691.00 308.50 1229.00 771.50
608.00 442.50 1312.00 637.50
568.00 465.50 1352.00 614.50
538.00 540.00 1382.00 540.00
518.00 540.00 1402.00 540.00
517.00 540.00 1403.00 540.00
517.00 540.00 1403.00 540.00
517.00 540.00 1403.00 540.00
517.00 540.00 1403.00 540.00
517.00 540.00 1403.00 540.00
540.00 540.00 1380.00 540.00
760.00 459.50 1160.00 620.50
959.00 540.00 961.00 540.00
957.00 291.00 963.00 789.00
960.00 299.50 960.00 780.50
952.50 292.00 967.50 788.00
953.50 301.50 966.50 778.50
805.00 295.00 1115.00 785.00
544.00 540.00 1376.00 540.00
518.00 540.00 1402.00 540.00
517.00 540.00 1403.00 540.00
518.00 540.00 1402.00 540.00
527.00 540.00 1393.00 540.00
644.00 539.50 1276.00 540.50
894.00 295.50 1026.00 784.50
960.00 290.50 960.00 789.50
960.00 292.50 960.00 787.50
960.00 415.50 960.00 664.50
960.00 540.00 960.00 540.00
953.50 486.50 966.50 593.50
635.00 539.50 1285.00 540.50
523.00 540.00 1397.00 540.00
517.00 540.00 1403.00 540.00
520.00 540.00 1400.00 540.00
