795.00 600.00 335.00 215.00
931.00 540.00 989.00 540.00
736.00 540.00 1184.00 540.00
854.00 540.00 1066.00 540.00
896.00 540.00 1024.00 540.00
657.00 540.00 1263.00 540.00
920.50 511.50 999.50 568.50
957.00 540.00 963.00 540.00
740.00 539.50 1180.00 540.50
725.00 396.00 1195.00 684.00
939.50 539.50 980.50 540.50
959.00 540.00 961.00 540.00
902.00 539.50 1018.00 540.50
842.00 540.00 1078.00 540.00
930.00 540.00 990.00 540.00
747.00 540.00 1173.00 540.00
619.00 540.00 1301.00 540.00
717.00 540.00 1203.00 540.00
546.00 540.00 1374.00 540.00
933.00 540.00 987.00 540.00
772.00 540.00 1148.00 540.00
548.00 540.00 1372.00 540.00
759.00 540.00 1161.00 540.00
705.00 540.00 1215.00 540.00
732.00 540.00 1188.00 540.00
776.00 540.00 1144.00 540.00
637.00 540.00 1283.00 540.00
943.00 540.00 977.00 540.00
943.00 540.00 977.00 540.00
648.00 525.00 1272.00 555.00
917.00 540.00 1003.00 540.00
952.50 540.00 967.50 540.00
895.00 527.50 1025.00 552.50
606.00 540.00 1314.00 540.00
668.00 540.00 1252.00 540.00
699.00 540.00 1221.00 540.00
936.50 540.00 983.50 540.00
920.50 540.00 999.50 540.00
960.00 540.00 960.00 540.00
710.00 540.00 1210.00 540.00
680.00 540.00 1240.00 540.00
577.00 540.00 1343.00 540.00
897.00 540.00 1023.00 540.00
952.50 540.00 967.50 540.00
892.00 540.00 1028.00 540.00
593.00 520.50 1327.00 559.50
529.00 449.00 1391.00 631.00
663.00 326.00 1257.00 754.00
598.00 292.00 1322.00 788.00
824.00 431.00 1096.00 649.00
679.00 292.00 1241.00 788.00
730.00 295.50 1190.00 784.50
545.00 292.00 1375.00 788.00
592.00 291.50 1328.00 788.50
712.00 290.50 1208.00 789.50
644.00 290.50 1276.00 789.50
824.00 292.50 1096.00 787.50
917.00 292.00 1003.00 788.00
638.00 292.50 1282.00 787.50
958.00 539.50 962.00 540.50
802.00 380.50 1118.00 699.50
953.50 290.50 966.50 789.50
664.00 309.50 1256.00 770.50
654.00 450.50 1266.00 629.50
672.00 538.00 1248.00 542.00
692.00 538.00 1228.00 542.00
857.00 473.50 1063.00 606.50
929.00 540.00 991.00 540.00
959.00 540.00 961.00 540.00
818.00 540.00 1102.00 540.00
673.00 297.00 1247.00 783.00
620.00 290.50 1300.00 789.50
952.50 339.50 967.50 740.50
799.00 302.00 1121.00 778.00
645.00 291.00 1275.00 789.00
903.00 291.00 1017.00 789.00
658.00 292.50 1262.00 787.50
723.00 290.50 1197.00 789.50
936.50 296.50 983.50 783.50
940.50 290.50 979.50 789.50
920.50 295.00 999.50 785.00
936.50 293.50 983.50 786.50
638.00 295.50 1282.00 784.50
726.00 527.00 1194.00 553.00
655.00 347.00 1265.00 733.00
684.00 479.50 1236.00 600.50
564.00 292.50 1356.00 787.50
925.50 539.50 994.50 540.50
806.00 430.00 1114.00 650.00
711.00 402.00 1209.00 678.00
686.00 490.00 1234.00 590.00
761.00 404.00 1159.00 676.00
750.00 534.50 1170.00 545.50
660.00 315.50 1260.00 764.50
678.00 540.00 1242.00 540.00
937.50 540.00 982.50 540.00
626.00 540.00 1294.00 540.00
932.00 540.00 988.00 540.00
831.00 540.00 1089.00 540.00
797.00 540.00 1123.00 540.00
599.00 540.00 1321.00 540.00
574.00 540.00 1346.00 540.00
530.00 540.00 1390.00 540.00
676.00 540.00 1244.00 540.00
898.00 540.00 1022.00 540.00
819.00 540.00 1101.00 540.00
784.00 540.00 1136.00 540.00
680.00 540.00 1240.00 540.00
642.00 540.00 1278.00 540.00
696.00 540.00 1224.00 540.00
949.50 540.00 970.50 540.00
914.00 540.00 1006.00 540.00
576.00 540.00 1344.00 540.00
676.00 540.00 1244.00 540.00
867.00 540.00 1053.00 540.00
613.00 540.00 1307.00 540.00
686.00 540.00 1234.00 540.00
723.00 540.00 1197.00 540.00
733.00 540.00 1187.00 540.00
835.00 540.00 1085.00 540.00
738.00 540.00 1182.00 540.00
745.00 540.00 1175.00 540.00
570.00 540.00 1350.00 540.00
699.00 540.00 1221.00 540.00
883.00 539.50 1037.00 540.50
947.00 540.00 973.00 540.00
946.00 540.00 974.00 540.00
625.00 298.50 1295.00 781.50
615.00 334.00 1305.00 746.00
802.00 291.50 1118.00 788.50
654.00 308.50 1266.00 771.50
615.00 293.50 1305.00 786.50
936.50 290.50 983.50 789.50
677.00 290.50 1243.00 789.50
863.00 297.00 1057.00 783.00
658.00 476.50 1262.00 603.50
948.00 290.50 972.00 789.50
956.00 540.00 964.00 540.00
844.00 540.00 1076.00 540.00
912.00 540.00 1008.00 540.00
523.00 540.00 1397.00 540.00
747.00 540.00 1173.00 540.00
769.00 540.00 1151.00 540.00
944.00 540.00 976.00 540.00
747.00 540.00 1173.00 540.00
924.50 540.00 995.50 540.00
914.00 540.00 1006.00 540.00
854.00 305.00 1066.00 775.00
606.00 319.50 1314.00 760.50
924.50 307.50 995.50 772.50
851.00 311.50 1069.00 768.50
917.00 535.50 1003.00 544.50
894.00 305.00 1026.00 775.00
871.00 533.00 1049.00 547.00
740.00 432.50 1180.00 647.50
949.00 504.50 971.00 575.50
903.00 384.00 1017.00 696.00
581.00 537.50 1339.00 542.50
892.00 538.00 1028.00 542.00
957.00 538.00 963.00 542.00
747.00 365.00 1173.00 715.00
944.00 540.00 976.00 540.00
957.00 540.00 963.00 540.00
822.00 481.50 1098.00 598.50
803.00 301.00 1117.00 779.00
862.00 293.50 1058.00 786.50
730.00 290.50 1190.00 789.50
579.00 290.50 1341.00 789.50
606.00 290.50 1314.00 789.50
782.00 290.50 1138.00 789.50
930.00 290.50 990.00 789.50
639.00 290.50 1281.00 789.50
632.00 290.50 1288.00 789.50
661.00 290.50 1259.00 789.50
885.00 290.50 1035.00 789.50
688.00 307.00 1232.00 773.00
831.00 291.50 1089.00 788.50
818.00 354.00 1102.00 726.00
924.50 539.50 995.50 540.50
872.00 537.00 1048.00 543.00
740.00 537.50 1180.00 542.50
951.50 540.00 968.50 540.00
925.50 529.50 994.50 550.50
890.00 540.00 1030.00 540.00
891.00 540.00 1029.00 540.00
842.00 539.50 1078.00 540.50
944.00 540.00 976.00 540.00
958.00 540.00 962.00 540.00
754.00 540.00 1166.00 540.00
960.00 540.00 960.00 540.00
858.00 540.00 1062.00 540.00
923.50 540.00 996.50 540.00
913.00 305.00 1007.00 775.00
756.00 292.50 1164.00 787.50
707.00 302.00 1213.00 778.00
682.00 297.00 1238.00 783.00
903.00 296.50 1017.00 783.50
653.00 320.50 1267.00 759.50
754.00 491.00 1166.00 589.00
941.00 537.00 979.00 543.00
691.00 538.50 1229.00 541.50
940.50 525.00 979.50 555.00
897.00 375.50 1023.00 704.50
952.50 540.00 967.50 540.00
846.00 438.00 1074.00 642.00
620.00 529.50 1300.00 550.50
616.00 540.00 1304.00 540.00
808.00 538.50 1112.00 541.50
935.50 540.00 984.50 540.00
914.00 540.00 1006.00 540.00
904.00 538.00 1016.00 542.00
710.00 540.00 1210.00 540.00
852.00 540.00 1068.00 540.00
707.00 540.00 1213.00 540.00
941.00 540.00 979.00 540.00
953.50 540.00 966.50 540.00
929.00 540.00 991.00 540.00
863.00 540.00 1057.00 540.00
951.50 540.00 968.50 540.00
789.00 540.00 1131.00 540.00
948.00 540.00 972.00 540.00
949.00 540.00 971.00 540.00
728.00 540.00 1192.00 540.00
880.00 540.00 1040.00 540.00
907.50 540.00 1012.50 540.00
960.00 540.00 960.00 540.00
702.00 539.50 1218.00 540.50
650.00 412.50 1270.00 667.50
758.00 290.50 1162.00 789.50
915.00 326.00 1005.00 754.00
704.00 290.50 1216.00 789.50
829.00 290.50 1091.00 789.50
844.00 290.50 1076.00 789.50
926.00 540.00 994.00 540.00
872.00 526.00 1048.00 554.00
740.00 534.50 1180.00 545.50
943.00 540.00 977.00 540.00
797.00 540.00 1123.00 540.00
952.50 526.00 967.50 554.00
949.50 518.50 970.50 561.50
796.00 540.00 1124.00 540.00
627.00 337.50 1293.00 742.50
702.00 373.50 1218.00 706.50
676.00 386.50 1244.00 693.50
782.00 533.00 1138.00 547.00
759.00 304.50 1161.00 775.50
928.00 333.50 992.00 746.50
829.00 540.00 1091.00 540.00
910.50 540.00 1009.50 540.00
645.00 540.00 1275.00 540.00
933.00 540.00 987.00 540.00
708.00 538.00 1212.00 542.00
932.00 540.00 988.00 540.00
741.00 316.50 1179.00 763.50
934.00 540.00 986.00 540.00
694.00 341.50 1226.00 738.50
952.50 540.00 967.50 540.00
949.50 540.00 970.50 540.00
906.50 535.50 1013.50 544.50
852.00 540.00 1068.00 540.00
875.00 533.00 1045.00 547.00
843.00 540.00 1077.00 540.00
750.00 539.50 1170.00 540.50
691.00 540.00 1229.00 540.00
768.00 540.00 1152.00 540.00
946.00 540.00 974.00 540.00
954.50 540.00 965.50 540.00
947.00 540.00 973.00 540.00
949.50 540.00 970.50 540.00
825.00 540.00 1095.00 540.00
921.50 503.00 998.50 577.00
959.00 540.00 961.00 540.00
959.00 540.00 961.00 540.00
945.00 401.00 975.00 679.00
959.00 538.50 961.00 541.50
935.50 540.00 984.50 540.00
921.50 531.50 998.50 548.50
935.50 540.00 984.50 540.00
838.00 540.00 1082.00 540.00
814.00 429.50 1106.00 650.50
746.00 430.00 1174.00 650.00
932.00 539.50 988.00 540.50
899.00 539.50 1021.00 540.50
920.50 540.00 999.50 540.00
687.00 427.50 1233.00 652.50
763.00 537.50 1157.00 542.50
773.00 540.00 1147.00 540.00
764.00 533.50 1156.00 546.50
751.00 540.00 1169.00 540.00
632.00 540.00 1288.00 540.00
917.00 540.00 1003.00 540.00
800.00 540.00 1120.00 540.00
955.50 540.00 964.50 540.00
681.00 540.00 1239.00 540.00
787.00 540.00 1133.00 540.00
943.00 540.00 977.00 540.00
799.00 540.00 1121.00 540.00
747.00 539.00 1173.00 541.00
840.00 540.00 1080.00 540.00
705.00 540.00 1215.00 540.00
