688.00 656.00 167.00 301.00
698.00 470.00 1222.00 610.00
704.00 494.00 1216.00 586.00
648.00 308.50 1272.00 771.50
713.00 296.00 1207.00 784.00
710.00 311.00 1210.00 769.00
701.00 320.50 1219.00 759.50
754.00 314.00 1166.00 766.00
655.00 379.50 1265.00 700.50
734.00 482.50 1186.00 597.50
604.00 498.00 1316.00 582.00
698.00 536.00 1222.00 544.00
682.00 490.50 1238.00 589.50
738.00 479.50 1182.00 600.50
660.00 430.00 1260.00 650.00
660.00 299.50 1260.00 780.50
641.00 294.50 1279.00 785.50
617.00 357.00 1303.00 723.00
840.00 528.00 1080.00 552.00
665.00 540.00 1255.00 540.00
729.00 540.00 1191.00 540.00
861.00 529.00 1059.00 551.00
948.00 487.50 972.00 592.50
910.50 537.50 1009.50 542.50
718.00 539.00 1202.00 541.00
755.00 519.00 1165.00 561.00
908.50 536.00 1011.50 544.00
813.00 377.00 1107.00 703.00
712.00 538.50 1208.00 541.50
857.00 509.50 1063.00 570.50
777.00 390.00 1143.00 690.00
903.00 540.00 1017.00 540.00
714.00 502.00 1206.00 578.00
772.00 471.50 1148.00 608.50
813.00 355.50 1107.00 724.50
772.00 428.00 1148.00 652.00
741.00 442.50 1179.00 637.50
896.00 540.00 1024.00 540.00
775.00 514.00 1145.00 566.00
877.00 539.50 1043.00 540.50
938.50 539.50 981.50 540.50
834.00 539.50 1086.00 540.50
602.00 540.00 1318.00 540.00
621.00 540.00 1299.00 540.00
701.00 538.50 1219.00 541.50
696.00 540.00 1224.00 540.00
639.00 449.50 1281.00 630.50
633.00 305.00 1287.00 775.00
707.00 306.50 1213.00 773.50
706.00 295.00 1214.00 785.00
822.00 477.00 1098.00 603.00
744.00 344.50 1176.00 735.50
652.00 296.00 1268.00 784.00
709.00 368.50 1211.00 711.50
789.00 531.50 1131.00 548.50
693.00 537.50 1227.00 542.50
695.00 539.50 1225.00 540.50
587.00 472.00 1333.00 608.00
599.00 437.50 1321.00 642.50
640.00 539.50 1280.00 540.50
578.00 506.00 1342.00 574.00
635.00 342.00 1285.00 738.00
815.00 535.50 1105.00 544.50
604.00 512.00 1316.00 568.00
650.00 345.00 1270.00 735.00
606.00 468.50 1314.00 611.50
627.00 462.50 1293.00 617.50
746.00 391.50 1174.00 688.50
688.00 371.00 1232.00 709.00
627.00 313.00 1293.00 767.00
675.00 514.50 1245.00 565.50
646.00 363.50 1274.00 716.50
613.00 331.00 1307.00 749.00
780.00 521.00 1140.00 559.00
749.00 524.00 1171.00 556.00
644.00 343.00 1276.00 737.00
659.00 299.50 1261.00 780.50
638.00 391.00 1282.00 689.00
631.00 307.00 1289.00 773.00
688.00 423.00 1232.00 657.00
935.50 473.00 984.50 607.00
830.00 440.00 1090.00 640.00
723.00 315.00 1197.00 765.00
638.00 290.50 1282.00 789.50
851.00 468.00 1069.00 612.00
718.00 385.00 1202.00 695.00
708.00 297.00 1212.00 783.00
644.00 442.00 1276.00 638.00
613.00 344.00 1307.00 736.00
795.00 422.50 1125.00 657.50
642.00 341.50 1278.00 738.50
887.00 538.50 1033.00 541.50
725.00 513.50 1195.00 566.50
630.00 338.00 1290.00 742.00
742.00 291.00 1178.00 789.00
662.00 367.00 1258.00 713.00
613.00 299.50 1307.00 780.50
647.00 295.50 1273.00 784.50
719.00 308.00 1201.00 772.00
638.00 291.00 1282.00 789.00
648.00 332.00 1272.00 748.00
682.00 315.50 1238.00 764.50
753.00 429.50 1167.00 650.50
679.00 340.50 1241.00 739.50
609.00 373.00 1311.00 707.00
668.00 295.00 1252.00 785.00
746.00 291.50 1174.00 788.50
687.00 312.00 1233.00 768.00
742.00 473.00 1178.00 607.00
658.00 306.00 1262.00 774.00
713.00 305.00 1207.00 775.00
726.00 293.50 1194.00 786.50
746.00 291.00 1174.00 789.00
725.00 299.00 1195.00 781.00
766.00 386.50 1154.00 693.50
747.00 323.50 1173.00 756.50
839.00 425.00 1081.00 655.00
766.00 491.00 1154.00 589.00
784.00 535.50 1136.00 544.50
794.00 309.00 1126.00 771.00
697.00 310.50 1223.00 769.50
812.00 423.50 1108.00 656.50
771.00 292.50 1149.00 787.50
748.00 456.50 1172.00 623.50
685.00 479.00 1235.00 601.00
731.00 292.50 1189.00 787.50
677.00 531.00 1243.00 549.00
610.00 335.00 1310.00 745.00
610.00 475.00 1310.00 605.00
649.00 301.00 1271.00 779.00
666.00 526.50 1254.00 553.50
661.00 466.00 1259.00 614.00
611.00 456.00 1309.00 624.00
691.00 495.00 1229.00 585.00
617.00 414.00 1303.00 666.00
647.00 292.50 1273.00 787.50
643.00 432.00 1277.00 648.00
699.00 499.50 1221.00 580.50
698.00 293.00 1222.00 787.00
610.00 341.00 1310.00 739.00
693.00 290.50 1227.00 789.50
658.00 302.50 1262.00 777.50
649.00 303.00 1271.00 777.00
790.00 406.50 1130.00 673.50
657.00 378.00 1263.00 702.00
660.00 353.50 1260.00 726.50
719.00 315.50 1201.00 764.50
636.00 348.50 1284.00 731.50
661.00 291.50 1259.00 788.50
659.00 378.50 1261.00 701.50
611.00 407.00 1309.00 673.00
730.00 322.00 1190.00 758.00
668.00 412.00 1252.00 668.00
728.00 348.00 1192.00 732.00
726.00 538.50 1194.00 541.50
677.00 324.00 1243.00 756.00
700.00 389.00 1220.00 691.00
646.00 307.50 1274.00 772.50
778.00 537.00 1142.00 543.00
697.00 290.50 1223.00 789.50
680.00 326.50 1240.00 753.50
853.00 304.00 1067.00 776.00
793.00 291.50 1127.00 788.50
831.00 312.50 1089.00 767.50
751.00 302.00 1169.00 778.00
817.00 297.00 1103.00 783.00
715.00 294.50 1205.00 785.50
774.00 294.50 1146.00 785.50
678.00 293.00 1242.00 787.00
835.00 298.00 1085.00 782.00
872.00 296.00 1048.00 784.00
765.00 293.00 1155.00 787.00
717.00 297.50 1203.00 782.50
910.50 391.00 1009.50 689.00
858.00 297.00 1062.00 783.00
912.00 304.50 1008.00 775.50
763.00 291.50 1157.00 788.50
695.00 291.00 1225.00 789.00
904.50 315.50 1015.50 764.50
698.00 294.50 1222.00 785.50
793.00 316.50 1127.00 763.50
905.50 291.50 1014.50 788.50
737.00 295.00 1183.00 785.00
721.00 291.00 1199.00 789.00
658.00 322.00 1262.00 758.00
641.00 297.50 1279.00 782.50
697.00 290.50 1223.00 789.50
681.00 299.50 1239.00 780.50
627.00 295.50 1293.00 784.50
601.00 326.50 1319.00 753.50
628.00 434.50 1292.00 645.50
615.00 354.50 1305.00 725.50
705.00 379.50 1215.00 700.50
642.00 333.50 1278.00 746.50
666.00 290.50 1254.00 789.50
652.00 440.00 1268.00 640.00
644.00 418.00 1276.00 662.00
615.00 301.00 1305.00 779.00
622.00 346.50 1298.00 733.50
629.00 322.50 1291.00 757.50
663.00 290.50 1257.00 789.50
604.00 324.00 1316.00 756.00
630.00 295.00 1290.00 785.00
595.00 297.50 1325.00 782.50
640.00 291.00 1280.00 789.00
650.00 308.00 1270.00 772.00
648.00 299.00 1272.00 781.00
606.00 298.00 1314.00 782.00
641.00 297.00 1279.00 783.00
631.00 312.00 1289.00 768.00
600.00 388.50 1320.00 691.50
646.00 292.00 1274.00 788.00
607.00 290.50 1313.00 789.50
607.00 291.50 1313.00 788.50
668.00 304.00 1252.00 776.00
608.00 296.00 1312.00 784.00
588.00 291.50 1332.00 788.50
592.00 367.00 1328.00 713.00
593.00 301.50 1327.00 778.50
614.00 291.00 1306.00 789.00
618.00 291.50 1302.00 788.50
600.00 295.00 1320.00 785.00
590.00 320.50 1330.00 759.50
602.00 399.50 1318.00 680.50
591.00 497.00 1329.00 583.00
592.00 324.00 1328.00 756.00
586.00 299.50 1334.00 780.50
599.00 384.00 1321.00 696.00
593.00 294.50 1327.00 785.50
629.00 532.50 1291.00 547.50
638.00 538.50 1282.00 541.50
721.00 534.00 1199.00 546.00
788.00 539.00 1132.00 541.00
596.00 301.00 1324.00 779.00
664.00 491.50 1256.00 588.50
618.00 291.50 1302.00 788.50
707.00 326.50 1213.00 753.50
765.00 531.00 1155.00 549.00
613.00 347.50 1307.00 732.50
621.00 460.50 1299.00 619.50
601.00 367.00 1319.00 713.00
616.00 537.00 1304.00 543.00
692.00 540.00 1228.00 540.00
601.00 468.50 1319.00 611.50
696.00 537.50 1224.00 542.50
720.00 540.00 1200.00 540.00
613.00 372.00 1307.00 708.00
595.00 454.50 1325.00 625.50
684.00 539.50 1236.00 540.50
861.00 540.00 1059.00 540.00
631.00 291.00 1289.00 789.00
829.00 540.00 1091.00 540.00
804.00 539.50 1116.00 540.50
882.00 302.50 1038.00 777.50
756.00 480.00 1164.00 600.00
830.00 377.00 1090.00 703.00
765.00 534.50 1155.00 545.50
897.00 512.50 1023.00 567.50
733.00 389.50 1187.00 690.50
737.00 536.00 1183.00 544.00
789.00 473.00 1131.00 607.00
744.00 539.50 1176.00 540.50
801.00 540.00 1119.00 540.00
825.00 539.50 1095.00 540.50
873.00 539.50 1047.00 540.50
821.00 540.00 1099.00 540.00
929.00 439.50 991.00 640.50
910.50 539.50 1009.50 540.50
943.00 537.50 977.00 542.50
936.50 540.00 983.50 540.00
957.00 540.00 963.00 540.00
957.00 536.00 963.00 544.00
960.00 540.00 960.00 540.00
960.00 527.00 960.00 553.00
960.00 540.00 960.00 540.00
960.00 540.00 960.00 540.00
960.00 539.50 960.00 540.50
959.00 539.00 961.00 541.00
960.00 540.00 960.00 540.00
960.00 540.00 960.00 540.00
960.00 540.00 960.00 540.00
959.00 538.00 961.00 542.00
958.00 539.00 962.00 541.00
960.00 540.00 960.00 540.00
960.00 539.00 960.00 541.00
959.00 538.00 961.00 542.00
960.00 540.00 960.00 540.00
960.00 540.00 960.00 540.00
960.00 540.00 960.00 540.00
960.00 540.00 960.00 540.00
960.00 539.50 960.00 540.50
959.00 539.50 961.00 540.50
960.00 540.00 960.00 540.00
960.00 540.00 960.00 540.00
960.00 539.00 960.00 541.00
960.00 540.00 960.00 540.00
960.00 540.00 960.00 540.00
960.00 539.00 960.00 541.00
960.00 533.50 960.00 546.50
960.00 515.00 960.00 565.00
