906.00 450.00 260.00 133.00
944.00 540.00 976.00 540.00
532.00 540.00 1388.00 540.00
621.00 540.00 1299.00 540.00
579.00 540.00 1341.00 540.00
536.00 540.00 1384.00 540.00
553.00 540.00 1367.00 540.00
598.00 540.00 1322.00 540.00
937.50 540.00 982.50 540.00
920.50 540.00 999.50 540.00
937.50 540.00 982.50 540.00
788.00 540.00 1132.00 540.00
525.00 540.00 1395.00 540.00
877.00 540.00 1043.00 540.00
530.00 540.00 1390.00 540.00
524.00 540.00 1396.00 540.00
867.00 540.00 1053.00 540.00
747.00 540.00 1173.00 540.00
688.00 540.00 1232.00 540.00
707.00 540.00 1213.00 540.00
956.00 540.00 964.00 540.00
794.00 540.00 1126.00 540.00
892.00 540.00 1028.00 540.00
781.00 540.00 1139.00 540.00
926.00 540.00 994.00 540.00
672.00 540.00 1248.00 540.00
781.00 540.00 1139.00 540.00
896.00 540.00 1024.00 540.00
589.00 469.00 1331.00 611.00
676.00 537.50 1244.00 542.50
517.00 528.00 1403.00 552.00
521.00 504.50 1399.00 575.50
525.00 434.00 1395.00 646.00
552.00 292.50 1368.00 787.50
518.00 452.50 1402.00 627.50
632.00 412.50 1288.00 667.50
570.00 411.50 1350.00 668.50
612.00 404.00 1308.00 676.00
517.00 453.50 1403.00 626.50
518.00 388.50 1402.00 691.50
547.00 293.50 1373.00 786.50
518.00 295.50 1402.00 784.50
517.00 296.50 1403.00 783.50
517.00 297.50 1403.00 782.50
517.00 295.50 1403.00 784.50
517.00 342.00 1403.00 738.00
517.00 308.50 1403.00 771.50
517.00 360.00 1403.00 720.00
663.00 530.50 1257.00 549.50
526.00 520.00 1394.00 560.00
517.00 509.00 1403.00 571.00
523.00 393.00 1397.00 687.00
518.00 540.00 1402.00 540.00
517.00 540.00 1403.00 540.00
525.00 540.00 1395.00 540.00
577.00 540.00 1343.00 540.00
578.00 540.00 1342.00 540.00
545.00 540.00 1375.00 540.00
629.00 540.00 1291.00 540.00
530.00 536.50 1390.00 543.50
661.00 539.50 1259.00 540.50
538.00 539.50 1382.00 540.50
522.00 540.00 1398.00 540.00
527.00 525.00 1393.00 555.00
518.00 519.00 1402.00 561.00
517.00 540.00 1403.00 540.00
527.00 469.00 1393.00 611.00
532.00 539.50 1388.00 540.50
520.00 533.00 1400.00 547.00
526.00 537.50 1394.00 542.50
517.00 401.50 1403.00 678.50
532.00 530.50 1388.00 549.50
517.00 536.00 1403.00 544.00
533.00 377.50 1387.00 702.50
517.00 311.00 1403.00 769.00
517.00 512.00 1403.00 568.00
517.00 300.50 1403.00 779.50
517.00 515.50 1403.00 564.50
518.00 404.50 1402.00 675.50
523.00 308.00 1397.00 772.00
632.00 292.00 1288.00 788.00
530.00 296.50 1390.00 783.50
517.00 393.00 1403.00 687.00
518.00 528.00 1402.00 552.00
517.00 483.50 1403.00 596.50
518.00 540.00 1402.00 540.00
526.00 540.00 1394.00 540.00
526.00 540.00 1394.00 540.00
640.00 540.00 1280.00 540.00
546.00 540.00 1374.00 540.00
518.00 540.00 1402.00 540.00
920.50 540.00 999.50 540.00
719.00 540.00 1201.00 540.00
517.00 540.00 1403.00 540.00
517.00 540.00 1403.00 540.00
518.00 296.50 1402.00 783.50
517.00 291.00 1403.00 789.00
519.00 517.00 1401.00 563.00
517.00 469.50 1403.00 610.50
519.00 298.00 1401.00 782.00
518.00 491.50 1402.00 588.50
624.00 536.50 1296.00 543.50
534.00 454.50 1386.00 625.50
530.00 449.50 1390.00 630.50
517.00 295.00 1403.00 785.00
517.00 524.00 1403.00 556.00
518.00 529.50 1402.00 550.50
518.00 401.50 1402.00 678.50
517.00 539.00 1403.00 541.00
517.00 312.00 1403.00 768.00
561.00 305.00 1359.00 775.00
533.00 295.50 1387.00 784.50
518.00 296.50 1402.00 783.50
517.00 446.00 1403.00 634.00
644.00 331.50 1276.00 748.50
540.00 347.50 1380.00 732.50
518.00 367.50 1402.00 712.50
566.00 474.00 1354.00 606.00
518.00 540.00 1402.00 540.00
632.00 536.50 1288.00 543.50
640.00 540.00 1280.00 540.00
917.00 534.00 1003.00 546.00
644.00 540.00 1276.00 540.00
592.00 540.00 1328.00 540.00
518.00 540.00 1402.00 540.00
560.00 529.50 1360.00 550.50
545.00 540.00 1375.00 540.00
523.00 354.50 1397.00 725.50
618.00 322.50 1302.00 757.50
540.00 536.50 1380.00 543.50
517.00 294.50 1403.00 785.50
524.00 341.00 1396.00 739.00
546.00 298.00 1374.00 782.00
528.00 516.50 1392.00 563.50
517.00 318.00 1403.00 762.00
519.00 513.50 1401.00 566.50
519.00 481.50 1401.00 598.50
517.00 540.00 1403.00 540.00
543.00 291.50 1377.00 788.50
654.00 521.50 1266.00 558.50
539.00 425.50 1381.00 654.50
522.00 312.00 1398.00 768.00
517.00 440.50 1403.00 639.50
518.00 412.50 1402.00 667.50
517.00 493.50 1403.00 586.50
518.00 295.00 1402.00 785.00
518.00 302.50 1402.00 777.50
517.00 434.00 1403.00 646.00
517.00 539.50 1403.00 540.50
517.00 540.00 1403.00 540.00
533.00 333.50 1387.00 746.50
521.00 453.50 1399.00 626.50
575.00 507.50 1345.00 572.50
719.00 379.00 1201.00 701.00
517.00 540.00 1403.00 540.00
738.00 540.00 1182.00 540.00
518.00 540.00 1402.00 540.00
529.00 540.00 1391.00 540.00
517.00 540.00 1403.00 540.00
518.00 540.00 1402.00 540.00
594.00 540.00 1326.00 540.00
813.00 538.50 1107.00 541.50
673.00 540.00 1247.00 540.00
586.00 540.00 1334.00 540.00
693.00 533.00 1227.00 547.00
544.00 540.00 1376.00 540.00
608.00 540.00 1312.00 540.00
625.00 540.00 1295.00 540.00
640.00 540.00 1280.00 540.00
643.00 539.50 1277.00 540.50
634.00 539.00 1286.00 541.00
537.00 540.00 1383.00 540.00
531.00 540.00 1389.00 540.00
761.00 540.00 1159.00 540.00
557.00 540.00 1363.00 540.00
668.00 540.00 1252.00 540.00
518.00 540.00 1402.00 540.00
537.00 530.50 1383.00 549.50
581.00 540.00 1339.00 540.00
613.00 540.00 1307.00 540.00
571.00 538.00 1349.00 542.00
620.00 539.50 1300.00 540.50
529.00 540.00 1391.00 540.00
526.00 540.00 1394.00 540.00
547.00 540.00 1373.00 540.00
518.00 540.00 1402.00 540.00
587.00 540.00 1333.00 540.00
597.00 540.00 1323.00 540.00
531.00 540.00 1389.00 540.00
517.00 540.00 1403.00 540.00
517.00 540.00 1403.00 540.00
648.00 540.00 1272.00 540.00
592.00 539.50 1328.00 540.50
560.00 540.00 1360.00 540.00
862.00 540.00 1058.00 540.00
618.00 509.00 1302.00 571.00
587.00 540.00 1333.00 540.00
520.00 540.00 1400.00 540.00
674.00 535.50 1246.00 544.50
518.00 540.00 1402.00 540.00
533.00 540.00 1387.00 540.00
522.00 540.00 1398.00 540.00
523.00 540.00 1397.00 540.00
520.00 540.00 1400.00 540.00
594.00 540.00 1326.00 540.00
536.00 540.00 1384.00 540.00
546.00 522.00 1374.00 558.00
532.00 540.00 1388.00 540.00
643.00 540.00 1277.00 540.00
517.00 529.50 1403.00 550.50
520.00 424.00 1400.00 656.00
543.00 538.50 1377.00 541.50
536.00 540.00 1384.00 540.00
518.00 530.00 1402.00 550.00
518.00 540.00 1402.00 540.00
519.00 523.50 1401.00 556.50
561.00 540.00 1359.00 540.00
517.00 540.00 1403.00 540.00
518.00 540.00 1402.00 540.00
532.00 530.00 1388.00 550.00
517.00 534.00 1403.00 546.00
529.00 540.00 1391.00 540.00
532.00 538.00 1388.00 542.00
686.00 540.00 1234.00 540.00
519.00 527.50 1401.00 552.50
518.00 523.00 1402.00 557.00
517.00 336.00 1403.00 744.00
517.00 481.50 1403.00 598.50
525.00 536.50 1395.00 543.50
517.00 374.50 1403.00 705.50
604.00 539.50 1316.00 540.50
517.00 540.00 1403.00 540.00
518.00 540.00 1402.00 540.00
533.00 540.00 1387.00 540.00
518.00 540.00 1402.00 540.00
528.00 436.00 1392.00 644.00
522.00 540.00 1398.00 540.00
521.00 540.00 1399.00 540.00
632.00 540.00 1288.00 540.00
579.00 540.00 1341.00 540.00
518.00 540.00 1402.00 540.00
579.00 540.00 1341.00 540.00
604.00 540.00 1316.00 540.00
518.00 540.00 1402.00 540.00
518.00 540.00 1402.00 540.00
593.00 539.00 1327.00 541.00
522.00 540.00 1398.00 540.00
582.00 539.00 1338.00 541.00
540.00 540.00 1380.00 540.00
520.00 518.50 1400.00 561.50
521.00 539.50 1399.00 540.50
517.00 540.00 1403.00 540.00
592.00 540.00 1328.00 540.00
518.00 540.00 1402.00 540.00
545.00 539.00 1375.00 541.00
726.00 534.50 1194.00 545.50
653.00 538.00 1267.00 542.00
528.00 540.00 1392.00 540.00
517.00 540.00 1403.00 540.00
519.00 540.00 1401.00 540.00
637.00 536.00 1283.00 544.00
643.00 514.00 1277.00 566.00
534.00 537.50 1386.00 542.50
517.00 540.00 1403.00 540.00
722.00 539.00 1198.00 541.00
518.00 540.00 1402.00 540.00
715.00 540.00 1205.00 540.00
673.00 540.00 1247.00 540.00
682.00 539.00 1238.00 541.00
698.00 539.50 1222.00 540.50
614.00 540.00 1306.00 540.00
716.00 537.50 1204.00 542.50
626.00 537.00 1294.00 543.00
528.00 530.00 1392.00 550.00
528.00 540.00 1392.00 540.00
518.00 540.00 1402.00 540.00
518.00 540.00 1402.00 540.00
517.00 538.50 1403.00 541.50
632.00 499.50 1288.00 580.50
555.00 540.00 1365.00 540.00
518.00 533.50 1402.00 546.50
592.00 331.50 1328.00 748.50
576.00 539.00 1344.00 541.00
518.00 538.50 1402.00 541.50
517.00 538.00 1403.00 542.00
518.00 540.00 1402.00 540.00
518.00 540.00 1402.00 540.00
517.00 540.00 1403.00 540.00
517.00 539.00 1403.00 541.00
523.00 540.00 1397.00 540.00
528.00 540.00 1392.00 540.00
621.00 540.00 1299.00 540.00
521.00 540.00 1399.00 540.00
640.00 540.00 1280.00 540.00
520.00 540.00 1400.00 540.00
581.00 540.00 1339.00 540.00
595.00 538.00 1325.00 542.00
603.00 540.00 1317.00 540.00
594.00 540.00 1326.00 540.00
582.00 540.00 1338.00 540.00
