969.00 225.00 108.00 335.00
745.00 290.50 1175.00 789.50
695.00 290.50 1225.00 789.50
855.00 290.50 1065.00 789.50
951.50 291.00 968.50 789.00
926.00 290.50 994.00 789.50
897.00 290.50 1023.00 789.50
684.00 290.50 1236.00 789.50
854.00 290.50 1066.00 789.50
541.00 296.00 1379.00 784.00
947.00 290.50 973.00 789.50
960.00 290.50 960.00 789.50
890.00 323.50 1030.00 756.50
669.00 445.00 1251.00 635.00
736.00 290.50 1184.00 789.50
930.00 290.50 990.00 789.50
805.00 291.00 1115.00 789.00
697.00 540.00 1223.00 540.00
826.00 540.00 1094.00 540.00
866.00 540.00 1054.00 540.00
750.00 540.00 1170.00 540.00
634.00 540.00 1286.00 540.00
959.00 540.00 961.00 540.00
907.50 540.00 1012.50 540.00
774.00 540.00 1146.00 540.00
807.00 290.50 1113.00 789.50
841.00 290.50 1079.00 789.50
818.00 290.50 1102.00 789.50
797.00 290.50 1123.00 789.50
959.00 290.50 961.00 789.50
828.00 290.50 1092.00 789.50
731.00 290.50 1189.00 789.50
575.00 537.00 1345.00 543.00
565.00 540.00 1355.00 540.00
719.00 540.00 1201.00 540.00
934.50 540.00 985.50 540.00
785.00 540.00 1135.00 540.00
574.00 540.00 1346.00 540.00
538.00 539.00 1382.00 541.00
535.00 340.50 1385.00 739.50
864.00 520.50 1056.00 559.50
869.00 290.50 1051.00 789.50
800.00 440.00 1120.00 640.00
776.00 539.50 1144.00 540.50
922.50 540.00 997.50 540.00
707.00 540.00 1213.00 540.00
918.00 540.00 1002.00 540.00
580.00 540.00 1340.00 540.00
668.00 493.00 1252.00 587.00
606.00 540.00 1314.00 540.00
624.00 517.00 1296.00 563.00
749.00 342.00 1171.00 738.00
937.50 316.50 982.50 763.50
797.00 537.50 1123.00 542.50
643.00 540.00 1277.00 540.00
829.00 540.00 1091.00 540.00
822.00 540.00 1098.00 540.00
848.00 540.00 1072.00 540.00
621.00 540.00 1299.00 540.00
840.00 331.00 1080.00 749.00
586.00 540.00 1334.00 540.00
763.00 295.50 1157.00 784.50
530.00 539.50 1390.00 540.50
889.00 540.00 1031.00 540.00
560.00 540.00 1360.00 540.00
630.00 540.00 1290.00 540.00
528.00 540.00 1392.00 540.00
575.00 540.00 1345.00 540.00
731.00 539.50 1189.00 540.50
711.00 540.00 1209.00 540.00
802.00 540.00 1118.00 540.00
835.00 306.00 1085.00 774.00
633.00 540.00 1287.00 540.00
574.00 540.00 1346.00 540.00
637.00 540.00 1283.00 540.00
543.00 540.00 1377.00 540.00
937.50 540.00 982.50 540.00
943.00 540.00 977.00 540.00
948.00 540.00 972.00 540.00
639.00 540.00 1281.00 540.00
661.00 540.00 1259.00 540.00
526.00 540.00 1394.00 540.00
704.00 540.00 1216.00 540.00
950.50 540.00 969.50 540.00
804.00 540.00 1116.00 540.00
675.00 540.00 1245.00 540.00
813.00 540.00 1107.00 540.00
705.00 540.00 1215.00 540.00
650.00 540.00 1270.00 540.00
758.00 540.00 1162.00 540.00
938.50 540.00 981.50 540.00
959.00 540.00 961.00 540.00
586.00 540.00 1334.00 540.00
849.00 540.00 1071.00 540.00
893.00 540.00 1027.00 540.00
868.00 540.00 1052.00 540.00
884.00 540.00 1036.00 540.00
749.00 540.00 1171.00 540.00
637.00 540.00 1283.00 540.00
570.00 540.00 1350.00 540.00
613.00 540.00 1307.00 540.00
701.00 540.00 1219.00 540.00
704.00 540.00 1216.00 540.00
699.00 540.00 1221.00 540.00
838.00 540.00 1082.00 540.00
919.50 540.00 1000.50 540.00
690.00 540.00 1230.00 540.00
934.00 540.00 986.00 540.00
866.00 540.00 1054.00 540.00
607.00 540.00 1313.00 540.00
713.00 540.00 1207.00 540.00
731.00 539.00 1189.00 541.00
680.00 508.50 1240.00 571.50
954.50 537.00 965.50 543.00
555.00 539.00 1365.00 541.00
847.00 539.00 1073.00 541.00
704.00 540.00 1216.00 540.00
525.00 540.00 1395.00 540.00
638.00 539.50 1282.00 540.50
700.00 540.00 1220.00 540.00
949.50 540.00 970.50 540.00
670.00 540.00 1250.00 540.00
740.00 540.00 1180.00 540.00
556.00 540.00 1364.00 540.00
712.00 540.00 1208.00 540.00
582.00 540.00 1338.00 540.00
880.00 540.00 1040.00 540.00
881.00 540.00 1039.00 540.00
616.00 540.00 1304.00 540.00
839.00 539.00 1081.00 541.00
625.00 540.00 1295.00 540.00
610.00 540.00 1310.00 540.00
624.00 540.00 1296.00 540.00
608.00 540.00 1312.00 540.00
530.00 540.00 1390.00 540.00
522.00 540.00 1398.00 540.00
587.00 540.00 1333.00 540.00
533.00 540.00 1387.00 540.00
635.00 540.00 1285.00 540.00
664.00 539.50 1256.00 540.50
620.00 540.00 1300.00 540.00
608.00 540.00 1312.00 540.00
765.00 540.00 1155.00 540.00
527.00 540.00 1393.00 540.00
588.00 540.00 1332.00 540.00
606.00 540.00 1314.00 540.00
934.00 540.00 986.00 540.00
525.00 540.00 1395.00 540.00
519.00 540.00 1401.00 540.00
607.00 540.00 1313.00 540.00
519.00 540.00 1401.00 540.00
571.00 540.00 1349.00 540.00
558.00 540.00 1362.00 540.00
756.00 540.00 1164.00 540.00
548.00 540.00 1372.00 540.00
557.00 540.00 1363.00 540.00
732.00 539.50 1188.00 540.50
598.00 540.00 1322.00 540.00
781.00 540.00 1139.00 540.00
661.00 540.00 1259.00 540.00
522.00 540.00 1398.00 540.00
876.00 518.00 1044.00 562.00
790.00 540.00 1130.00 540.00
770.00 540.00 1150.00 540.00
876.00 540.00 1044.00 540.00
820.00 540.00 1100.00 540.00
944.00 540.00 976.00 540.00
788.00 540.00 1132.00 540.00
523.00 540.00 1397.00 540.00
611.00 540.00 1309.00 540.00
744.00 540.00 1176.00 540.00
589.00 540.00 1331.00 540.00
518.00 540.00 1402.00 540.00
683.00 540.00 1237.00 540.00
615.00 540.00 1305.00 540.00
540.00 540.00 1380.00 540.00
933.00 540.00 987.00 540.00
928.00 540.00 992.00 540.00
620.00 540.00 1300.00 540.00
953.50 540.00 966.50 540.00
958.00 540.00 962.00 540.00
952.50 540.00 967.50 540.00
540.00 540.00 1380.00 540.00
949.00 540.00 971.00 540.00
629.00 540.00 1291.00 540.00
958.00 540.00 962.00 540.00
960.00 540.00 960.00 540.00
836.00 540.00 1084.00 540.00
956.00 540.00 964.00 540.00
835.00 540.00 1085.00 540.00
698.00 540.00 1222.00 540.00
578.00 540.00 1342.00 540.00
524.00 540.00 1396.00 540.00
950.50 540.00 969.50 540.00
906.50 540.00 1013.50 540.00
960.00 540.00 960.00 540.00
959.00 540.00 961.00 540.00
960.00 540.00 960.00 540.00
959.00 540.00 961.00 540.00
862.00 540.00 1058.00 540.00
578.00 540.00 1342.00 540.00
607.00 540.00 1313.00 540.00
668.00 540.00 1252.00 540.00
723.00 540.00 1197.00 540.00
517.00 540.00 1403.00 540.00
551.00 540.00 1369.00 540.00
542.00 540.00 1378.00 540.00
518.00 540.00 1402.00 540.00
658.00 540.00 1262.00 540.00
584.00 540.00 1336.00 540.00
872.00 540.00 1048.00 540.00
874.00 540.00 1046.00 540.00
668.00 540.00 1252.00 540.00
574.00 540.00 1346.00 540.00
523.00 540.00 1397.00 540.00
729.00 540.00 1191.00 540.00
927.00 540.00 993.00 540.00
951.50 540.00 968.50 540.00
776.00 540.00 1144.00 540.00
960.00 540.00 960.00 540.00
835.00 540.00 1085.00 540.00
704.00 540.00 1216.00 540.00
925.50 540.00 994.50 540.00
912.00 540.00 1008.00 540.00
881.00 540.00 1039.00 540.00
959.00 540.00 961.00 540.00
750.00 540.00 1170.00 540.00
954.50 540.00 965.50 540.00
532.00 540.00 1388.00 540.00
908.50 540.00 1011.50 540.00
900.00 540.00 1020.00 540.00
848.00 540.00 1072.00 540.00
960.00 540.00 960.00 540.00
960.00 540.00 960.00 540.00
960.00 540.00 960.00 540.00
956.00 540.00 964.00 540.00
932.00 540.00 988.00 540.00
960.00 540.00 960.00 540.00
956.00 540.00 964.00 540.00
960.00 540.00 960.00 540.00
960.00 540.00 960.00 540.00
960.00 540.00 960.00 540.00
960.00 540.00 960.00 540.00
960.00 540.00 960.00 540.00
885.00 540.00 1035.00 540.00
943.00 540.00 977.00 540.00
959.00 540.00 961.00 540.00
960.00 540.00 960.00 540.00
960.00 540.00 960.00 540.00
794.00 540.00 1126.00 540.00
938.50 540.00 981.50 540.00
960.00 540.00 960.00 540.00
943.00 540.00 977.00 540.00
893.00 540.00 1027.00 540.00
960.00 540.00 960.00 540.00
562.00 540.00 1358.00 540.00
951.50 540.00 968.50 540.00
566.00 540.00 1354.00 540.00
960.00 540.00 960.00 540.00
542.00 540.00 1378.00 540.00
960.00 540.00 960.00 540.00
919.50 540.00 1000.50 540.00
960.00 540.00 960.00 540.00
939.50 540.00 980.50 540.00
960.00 540.00 960.00 540.00
523.00 540.00 1397.00 540.00
960.00 540.00 960.00 540.00
960.00 540.00 960.00 540.00
960.00 540.00 960.00 540.00
537.00 540.00 1383.00 540.00
960.00 540.00 960.00 540.00
643.00 540.00 1277.00 540.00
945.00 540.00 975.00 540.00
954.50 540.00 965.50 540.00
914.00 540.00 1006.00 540.00
960.00 540.00 960.00 540.00
960.00 540.00 960.00 540.00
957.00 540.00 963.00 540.00
772.00 540.00 1148.00 540.00
959.00 540.00 961.00 540.00
933.00 540.00 987.00 540.00
960.00 540.00 960.00 540.00
960.00 540.00 960.00 540.00
924.50 540.00 995.50 540.00
762.00 540.00 1158.00 540.00
959.00 540.00 961.00 540.00
738.00 540.00 1182.00 540.00
575.00 540.00 1345.00 540.00
958.00 540.00 962.00 540.00
960.00 540.00 960.00 540.00
960.00 540.00 960.00 540.00
758.00 540.00 1162.00 540.00
956.00 540.00 964.00 540.00
932.00 540.00 988.00 540.00
575.00 540.00 1345.00 540.00
960.00 540.00 960.00 540.00
960.00 540.00 960.00 540.00
920.50 540.00 999.50 540.00
960.00 540.00 960.00 540.00
960.00 540.00 960.00 540.00
