504.00 465.00 311.00 209.00
517.00 540.00 1403.00 540.00
517.00 535.50 1403.00 544.50
517.00 540.00 1403.00 540.00
517.00 540.00 1403.00 540.00
517.00 540.00 1403.00 540.00
517.00 540.00 1403.00 540.00
517.00 540.00 1403.00 540.00
517.00 540.00 1403.00 540.00
517.00 540.00 1403.00 540.00
517.00 540.00 1403.00 540.00
517.00 540.00 1403.00 540.00
517.00 540.00 1403.00 540.00
517.00 540.00 1403.00 540.00
517.00 540.00 1403.00 540.00
517.00 540.00 1403.00 540.00
517.00 540.00 1403.00 540.00
517.00 540.00 1403.00 540.00
517.00 540.00 1403.00 540.00
517.00 540.00 1403.00 540.00
517.00 540.00 1403.00 540.00
517.00 540.00 1403.00 540.00
517.00 540.00 1403.00 540.00
517.00 540.00 1403.00 540.00
517.00 540.00 1403.00 540.00
517.00 540.00 1403.00 540.00
517.00 540.00 1403.00 540.00
517.00 540.00 1403.00 540.00
517.00 540.00 1403.00 540.00
517.00 540.00 1403.00 540.00
517.00 540.00 1403.00 540.00
517.00 540.00 1403.00 540.00
517.00 540.00 1403.00 540.00
517.00 540.00 1403.00 540.00
517.00 540.00 1403.00 540.00
517.00 540.00 1403.00 540.00
517.00 540.00 1403.00 540.00
517.00 540.00 1403.00 540.00
517.00 540.00 1403.00 540.00
517.00 540.00 1403.00 540.00
517.00 540.00 1403.00 540.00
517.00 540.00 1403.00 540.00
517.00 540.00 1403.00 540.00
517.00 540.00 1403.00 540.00
517.00 540.00 1403.00 540.00
517.00 540.00 1403.00 540.00
517.00 540.00 1403.00 540.00
517.00 540.00 1403.00 540.00
517.00 540.00 1403.00 540.00
517.00 540.00 1403.00 540.00
517.00 540.00 1403.00 540.00
517.00 540.00 1403.00 540.00
517.00 540.00 1403.00 540.00
517.00 540.00 1403.00 540.00
517.00 540.00 1403.00 540.00
517.00 540.00 1403.00 540.00
517.00 540.00 1403.00 540.00
517.00 540.00 1403.00 540.00
518.00 540.00 1402.00 540.00
517.00 540.00 1403.00 540.00
517.00 540.00 1403.00 540.00
517.00 540.00 1403.00 540.00
517.00 540.00 1403.00 540.00
517.00 540.00 1403.00 540.00
517.00 540.00 1403.00 540.00
517.00 540.00 1403.00 540.00
517.00 540.00 1403.00 540.00
518.00 540.00 1402.00 540.00
521.00 540.00 1399.00 540.00
696.00 540.00 1224.00 540.00
518.00 540.00 1402.00 540.00
517.00 540.00 1403.00 540.00
517.00 540.00 1403.00 540.00
517.00 540.00 1403.00 540.00
517.00 540.00 1403.00 540.00
518.00 540.00 1402.00 540.00
517.00 540.00 1403.00 540.00
517.00 540.00 1403.00 540.00
517.00 540.00 1403.00 540.00
517.00 540.00 1403.00 540.00
562.00 540.00 1358.00 540.00
523.00 540.00 1397.00 540.00
578.00 540.00 1342.00 540.00
598.00 540.00 1322.00 540.00
882.00 540.00 1038.00 540.00
740.00 540.00 1180.00 540.00
540.00 540.00 1380.00 540.00
668.00 540.00 1252.00 540.00
517.00 540.00 1403.00 540.00
792.00 540.00 1128.00 540.00
924.50 540.00 995.50 540.00
875.00 540.00 1045.00 540.00
713.00 540.00 1207.00 540.00
828.00 540.00 1092.00 540.00
721.00 540.00 1199.00 540.00
683.00 540.00 1237.00 540.00
936.50 540.00 983.50 540.00
856.00 540.00 1064.00 540.00
892.00 540.00 1028.00 540.00
937.50 540.00 982.50 540.00
755.00 540.00 1165.00 540.00
651.00 540.00 1269.00 540.00
590.00 540.00 1330.00 540.00
518.00 540.00 1402.00 540.00
523.00 540.00 1397.00 540.00
549.00 540.00 1371.00 540.00
522.00 540.00 1398.00 540.00
517.00 540.00 1403.00 540.00
518.00 540.00 1402.00 540.00
517.00 540.00 1403.00 540.00
560.00 540.00 1360.00 540.00
526.00 540.00 1394.00 540.00
518.00 540.00 1402.00 540.00
518.00 540.00 1402.00 540.00
518.00 540.00 1402.00 540.00
520.00 540.00 1400.00 540.00
526.00 540.00 1394.00 540.00
517.00 540.00 1403.00 540.00
517.00 540.00 1403.00 540.00
545.00 540.00 1375.00 540.00
517.00 540.00 1403.00 540.00
518.00 540.00 1402.00 540.00
517.00 540.00 1403.00 540.00
517.00 540.00 1403.00 540.00
517.00 540.00 1403.00 540.00
517.00 540.00 1403.00 540.00
530.00 540.00 1390.00 540.00
712.00 540.00 1208.00 540.00
517.00 540.00 1403.00 540.00
532.00 540.00 1388.00 540.00
627.00 540.00 1293.00 540.00
532.00 540.00 1388.00 540.00
696.00 540.00 1224.00 540.00
721.00 540.00 1199.00 540.00
818.00 540.00 1102.00 540.00
622.00 540.00 1298.00 540.00
587.00 540.00 1333.00 540.00
518.00 540.00 1402.00 540.00
682.00 540.00 1238.00 540.00
623.00 540.00 1297.00 540.00
519.00 540.00 1401.00 540.00
539.00 540.00 1381.00 540.00
722.00 540.00 1198.00 540.00
524.00 540.00 1396.00 540.00
685.00 540.00 1235.00 540.00
592.00 540.00 1328.00 540.00
573.00 540.00 1347.00 540.00
560.00 540.00 1360.00 540.00
573.00 540.00 1347.00 540.00
517.00 540.00 1403.00 540.00
888.00 540.00 1032.00 540.00
538.00 540.00 1382.00 540.00
620.00 540.00 1300.00 540.00
808.00 540.00 1112.00 540.00
610.00 540.00 1310.00 540.00
934.00 540.00 986.00 540.00
566.00 540.00 1354.00 540.00
718.00 540.00 1202.00 540.00
692.00 540.00 1228.00 540.00
721.00 540.00 1199.00 540.00
548.00 540.00 1372.00 540.00
657.00 540.00 1263.00 540.00
610.00 540.00 1310.00 540.00
608.00 540.00 1312.00 540.00
599.00 540.00 1321.00 540.00
633.00 540.00 1287.00 540.00
818.00 540.00 1102.00 540.00
918.00 540.00 1002.00 540.00
715.00 540.00 1205.00 540.00
741.00 540.00 1179.00 540.00
730.00 540.00 1190.00 540.00
721.00 540.00 1199.00 540.00
846.00 540.00 1074.00 540.00
648.00 540.00 1272.00 540.00
892.00 540.00 1028.00 540.00
573.00 540.00 1347.00 540.00
784.00 540.00 1136.00 540.00
753.00 540.00 1167.00 540.00
894.00 540.00 1026.00 540.00
591.00 540.00 1329.00 540.00
562.00 540.00 1358.00 540.00
683.00 540.00 1237.00 540.00
861.00 540.00 1059.00 540.00
652.00 540.00 1268.00 540.00
524.00 540.00 1396.00 540.00
811.00 540.00 1109.00 540.00
520.00 540.00 1400.00 540.00
790.00 540.00 1130.00 540.00
957.00 540.00 963.00 540.00
628.00 540.00 1292.00 540.00
880.00 540.00 1040.00 540.00
674.00 540.00 1246.00 540.00
528.00 540.00 1392.00 540.00
539.00 540.00 1381.00 540.00
563.00 540.00 1357.00 540.00
726.00 540.00 1194.00 540.00
558.00 540.00 1362.00 540.00
688.00 540.00 1232.00 540.00
665.00 540.00 1255.00 540.00
652.00 540.00 1268.00 540.00
519.00 540.00 1401.00 540.00
518.00 540.00 1402.00 540.00
687.00 540.00 1233.00 540.00
753.00 540.00 1167.00 540.00
812.00 540.00 1108.00 540.00
660.00 539.50 1260.00 540.50
747.00 540.00 1173.00 540.00
688.00 540.00 1232.00 540.00
932.00 540.00 988.00 540.00
942.00 540.00 978.00 540.00
528.00 540.00 1392.00 540.00
521.00 540.00 1399.00 540.00
528.00 540.00 1392.00 540.00
519.00 540.00 1401.00 540.00
525.00 540.00 1395.00 540.00
517.00 540.00 1403.00 540.00
517.00 540.00 1403.00 540.00
517.00 540.00 1403.00 540.00
517.00 540.00 1403.00 540.00
528.00 540.00 1392.00 540.00
527.00 540.00 1393.00 540.00
517.00 534.50 1403.00 545.50
518.00 540.00 1402.00 540.00
531.00 540.00 1389.00 540.00
521.00 540.00 1399.00 540.00
536.00 540.00 1384.00 540.00
543.00 540.00 1377.00 540.00
660.00 540.00 1260.00 540.00
517.00 540.00 1403.00 540.00
520.00 540.00 1400.00 540.00
517.00 540.00 1403.00 540.00
523.00 540.00 1397.00 540.00
528.00 540.00 1392.00 540.00
518.00 540.00 1402.00 540.00
528.00 540.00 1392.00 540.00
544.00 540.00 1376.00 540.00
521.00 540.00 1399.00 540.00
576.00 540.00 1344.00 540.00
578.00 540.00 1342.00 540.00
526.00 540.00 1394.00 540.00
532.00 540.00 1388.00 540.00
518.00 540.00 1402.00 540.00
518.00 540.00 1402.00 540.00
525.00 540.00 1395.00 540.00
517.00 540.00 1403.00 540.00
536.00 540.00 1384.00 540.00
527.00 540.00 1393.00 540.00
522.00 540.00 1398.00 540.00
518.00 540.00 1402.00 540.00
518.00 540.00 1402.00 540.00
545.00 540.00 1375.00 540.00
517.00 540.00 1403.00 540.00
517.00 540.00 1403.00 540.00
531.00 540.00 1389.00 540.00
518.00 540.00 1402.00 540.00
517.00 540.00 1403.00 540.00
517.00 540.00 1403.00 540.00
517.00 540.00 1403.00 540.00
517.00 540.00 1403.00 540.00
517.00 539.00 1403.00 541.00
518.00 540.00 1402.00 540.00
517.00 540.00 1403.00 540.00
517.00 540.00 1403.00 540.00
517.00 540.00 1403.00 540.00
517.00 540.00 1403.00 540.00
517.00 540.00 1403.00 540.00
517.00 540.00 1403.00 540.00
517.00 540.00 1403.00 540.00
517.00 540.00 1403.00 540.00
517.00 540.00 1403.00 540.00
517.00 540.00 1403.00 540.00
517.00 539.50 1403.00 540.50
517.00 538.00 1403.00 542.00
542.00 540.00 1378.00 540.00
517.00 540.00 1403.00 540.00
517.00 540.00 1403.00 540.00
517.00 540.00 1403.00 540.00
517.00 540.00 1403.00 540.00
517.00 540.00 1403.00 540.00
517.00 540.00 1403.00 540.00
517.00 540.00 1403.00 540.00
517.00 540.00 1403.00 540.00
517.00 540.00 1403.00 540.00
517.00 540.00 1403.00 540.00
517.00 540.00 1403.00 540.00
517.00 540.00 1403.00 540.00
517.00 503.50 1403.00 576.50
517.00 540.00 1403.00 540.00
517.00 540.00 1403.00 540.00
517.00 540.00 1403.00 540.00
517.00 540.00 1403.00 540.00
517.00 540.00 1403.00 540.00
517.00 540.00 1403.00 540.00
517.00 540.00 1403.00 540.00
517.00 540.00 1403.00 540.00
517.00 540.00 1403.00 540.00
517.00 540.00 1403.00 540.00
517.00 540.00 1403.00 540.00
517.00 540.00 1403.00 540.00
517.00 540.00 1403.00 540.00
