886.00 639.00 85.00 106.00
535.00 540.00 1385.00 540.00
518.00 540.00 1402.00 540.00
523.00 540.00 1397.00 540.00
519.00 540.00 1401.00 540.00
517.00 540.00 1403.00 540.00
518.00 539.50 1402.00 540.50
536.00 540.00 1384.00 540.00
517.00 540.00 1403.00 540.00
517.00 540.00 1403.00 540.00
518.00 358.00 1402.00 722.00
518.00 526.50 1402.00 553.50
526.00 375.50 1394.00 704.50
679.00 540.00 1241.00 540.00
652.00 540.00 1268.00 540.00
711.00 536.50 1209.00 543.50
852.00 540.00 1068.00 540.00
517.00 526.00 1403.00 554.00
517.00 540.00 1403.00 540.00
517.00 540.00 1403.00 540.00
517.00 540.00 1403.00 540.00
517.00 540.00 1403.00 540.00
517.00 540.00 1403.00 540.00
517.00 540.00 1403.00 540.00
517.00 425.00 1403.00 655.00
517.00 539.50 1403.00 540.50
517.00 528.50 1403.00 551.50
535.00 540.00 1385.00 540.00
607.00 540.00 1313.00 540.00
526.00 539.50 1394.00 540.50
562.00 540.00 1358.00 540.00
599.00 536.50 1321.00 543.50
519.00 539.50 1401.00 540.50
638.00 540.00 1282.00 540.00
517.00 535.50 1403.00 544.50
518.00 503.00 1402.00 577.00
615.00 483.50 1305.00 596.50
608.00 540.00 1312.00 540.00
728.00 540.00 1192.00 540.00
855.00 540.00 1065.00 540.00
825.00 540.00 1095.00 540.00
650.00 540.00 1270.00 540.00
645.00 540.00 1275.00 540.00
532.00 474.00 1388.00 606.00
554.00 540.00 1366.00 540.00
523.00 528.00 1397.00 552.00
681.00 540.00 1239.00 540.00
531.00 509.00 1389.00 571.00
675.00 540.00 1245.00 540.00
559.00 428.50 1361.00 651.50
605.00 540.00 1315.00 540.00
939.50 540.00 980.50 540.00
518.00 540.00 1402.00 540.00
843.00 540.00 1077.00 540.00
527.00 540.00 1393.00 540.00
615.00 540.00 1305.00 540.00
698.00 540.00 1222.00 540.00
724.00 540.00 1196.00 540.00
600.00 440.00 1320.00 640.00
607.00 540.00 1313.00 540.00
592.00 540.00 1328.00 540.00
523.00 540.00 1397.00 540.00
625.00 540.00 1295.00 540.00
583.00 529.00 1337.00 551.00
594.00 524.00 1326.00 556.00
787.00 540.00 1133.00 540.00
935.50 540.00 984.50 540.00
765.00 539.00 1155.00 541.00
648.00 530.00 1272.00 550.00
599.00 520.50 1321.00 559.50
592.00 509.00 1328.00 571.00
545.00 539.50 1375.00 540.50
518.00 426.50 1402.00 653.50
536.00 523.00 1384.00 557.00
517.00 449.00 1403.00 631.00
517.00 530.50 1403.00 549.50
517.00 325.00 1403.00 755.00
517.00 519.50 1403.00 560.50
517.00 528.00 1403.00 552.00
517.00 357.00 1403.00 723.00
518.00 411.50 1402.00 668.50
517.00 410.50 1403.00 669.50
517.00 326.50 1403.00 753.50
517.00 526.50 1403.00 553.50
518.00 486.50 1402.00 593.50
592.00 538.50 1328.00 541.50
635.00 540.00 1285.00 540.00
863.00 537.00 1057.00 543.00
760.00 540.00 1160.00 540.00
622.00 540.00 1298.00 540.00
733.00 540.00 1187.00 540.00
891.00 540.00 1029.00 540.00
896.00 539.00 1024.00 541.00
889.00 339.50 1031.00 740.50
902.00 540.00 1018.00 540.00
926.00 540.00 994.00 540.00
816.00 491.00 1104.00 589.00
892.00 539.00 1028.00 541.00
518.00 540.00 1402.00 540.00
518.00 517.50 1402.00 562.50
521.00 539.00 1399.00 541.00
518.00 537.50 1402.00 542.50
522.00 540.00 1398.00 540.00
519.00 330.00 1401.00 750.00
517.00 540.00 1403.00 540.00
517.00 527.50 1403.00 552.50
517.00 364.00 1403.00 716.00
519.00 308.50 1401.00 771.50
522.00 308.50 1398.00 771.50
532.00 519.50 1388.00 560.50
517.00 346.00 1403.00 734.00
518.00 480.50 1402.00 599.50
517.00 307.00 1403.00 773.00
555.00 358.50 1365.00 721.50
590.00 523.00 1330.00 557.00
689.00 537.50 1231.00 542.50
665.00 302.00 1255.00 778.00
653.00 439.00 1267.00 641.00
518.00 411.00 1402.00 669.00
523.00 535.50 1397.00 544.50
572.00 533.50 1348.00 546.50
731.00 528.50 1189.00 551.50
535.00 485.50 1385.00 594.50
728.00 477.00 1192.00 603.00
695.00 498.00 1225.00 582.00
784.00 538.00 1136.00 542.00
538.00 524.00 1382.00 556.00
553.00 478.50 1367.00 601.50
549.00 436.50 1371.00 643.50
758.00 536.00 1162.00 544.00
930.00 540.00 990.00 540.00
942.00 540.00 978.00 540.00
746.00 362.00 1174.00 718.00
519.00 540.00 1401.00 540.00
535.00 307.00 1385.00 773.00
524.00 473.00 1396.00 607.00
556.00 540.00 1364.00 540.00
525.00 540.00 1395.00 540.00
519.00 540.00 1401.00 540.00
640.00 540.00 1280.00 540.00
618.00 531.00 1302.00 549.00
520.00 539.50 1400.00 540.50
518.00 522.50 1402.00 557.50
521.00 539.00 1399.00 541.00
580.00 539.50 1340.00 540.50
766.00 536.50 1154.00 543.50
610.00 538.50 1310.00 541.50
814.00 540.00 1106.00 540.00
930.00 540.00 990.00 540.00
855.00 540.00 1065.00 540.00
684.00 539.00 1236.00 541.00
669.00 540.00 1251.00 540.00
528.00 496.00 1392.00 584.00
615.00 539.50 1305.00 540.50
745.00 539.50 1175.00 540.50
548.00 501.00 1372.00 579.00
628.00 534.00 1292.00 546.00
772.00 463.50 1148.00 616.50
853.00 540.00 1067.00 540.00
855.00 540.00 1065.00 540.00
572.00 376.00 1348.00 704.00
550.00 317.50 1370.00 762.50
542.00 414.50 1378.00 665.50
521.00 538.50 1399.00 541.50
562.00 462.50 1358.00 617.50
559.00 378.00 1361.00 702.00
541.00 326.50 1379.00 753.50
518.00 514.50 1402.00 565.50
567.00 323.50 1353.00 756.50
520.00 376.50 1400.00 703.50
522.00 463.50 1398.00 616.50
654.00 540.00 1266.00 540.00
659.00 540.00 1261.00 540.00
892.00 540.00 1028.00 540.00
616.00 539.00 1304.00 541.00
912.00 538.50 1008.00 541.50
619.00 522.00 1301.00 558.00
628.00 527.00 1292.00 553.00
843.00 538.50 1077.00 541.50
686.00 540.00 1234.00 540.00
666.00 500.00 1254.00 580.00
849.00 539.00 1071.00 541.00
527.00 348.50 1393.00 731.50
679.00 540.00 1241.00 540.00
518.00 536.50 1402.00 543.50
529.00 470.00 1391.00 610.00
708.00 437.00 1212.00 643.00
772.00 397.50 1148.00 682.50
779.00 539.00 1141.00 541.00
544.00 536.00 1376.00 544.00
669.00 535.50 1251.00 544.50
666.00 538.50 1254.00 541.50
628.00 466.50 1292.00 613.50
637.00 314.00 1283.00 766.00
652.00 539.50 1268.00 540.50
639.00 538.50 1281.00 541.50
622.00 537.00 1298.00 543.00
646.00 498.50 1274.00 581.50
713.00 383.00 1207.00 697.00
670.00 428.50 1250.00 651.50
743.00 512.00 1177.00 568.00
680.00 454.50 1240.00 625.50
625.00 532.50 1295.00 547.50
541.00 378.50 1379.00 701.50
522.00 437.00 1398.00 643.00
603.00 467.00 1317.00 613.00
532.00 540.00 1388.00 540.00
571.00 304.00 1349.00 776.00
613.00 327.00 1307.00 753.00
523.00 459.50 1397.00 620.50
537.00 539.50 1383.00 540.50
613.00 540.00 1307.00 540.00
628.00 304.50 1292.00 775.50
574.00 292.50 1346.00 787.50
517.00 525.00 1403.00 555.00
517.00 402.00 1403.00 678.00
518.00 540.00 1402.00 540.00
546.00 519.50 1374.00 560.50
587.00 354.00 1333.00 726.00
598.00 497.00 1322.00 583.00
619.00 392.50 1301.00 687.50
666.00 538.50 1254.00 541.50
563.00 493.50 1357.00 586.50
564.00 438.00 1356.00 642.00
633.00 459.00 1287.00 621.00
661.00 537.50 1259.00 542.50
527.00 537.50 1393.00 542.50
704.00 539.50 1216.00 540.50
541.00 325.00 1379.00 755.00
627.00 366.50 1293.00 713.50
577.00 436.50 1343.00 643.50
638.00 501.50 1282.00 578.50
711.00 539.50 1209.00 540.50
621.00 423.50 1299.00 656.50
929.00 540.00 991.00 540.00
727.00 539.00 1193.00 541.00
647.00 531.50 1273.00 548.50
538.00 510.50 1382.00 569.50
624.00 534.00 1296.00 546.00
621.00 537.50 1299.00 542.50
636.00 528.50 1284.00 551.50
697.00 538.00 1223.00 542.00
758.00 540.00 1162.00 540.00
726.00 540.00 1194.00 540.00
613.00 536.50 1307.00 543.50
519.00 534.00 1401.00 546.00
540.00 534.50 1380.00 545.50
623.00 540.00 1297.00 540.00
769.00 540.00 1151.00 540.00
521.00 539.50 1399.00 540.50
608.00 539.00 1312.00 541.00
601.00 452.00 1319.00 628.00
703.00 539.50 1217.00 540.50
676.00 540.00 1244.00 540.00
637.00 539.50 1283.00 540.50
653.00 496.00 1267.00 584.00
518.00 539.50 1402.00 540.50
654.00 540.00 1266.00 540.00
531.00 454.50 1389.00 625.50
539.00 330.50 1381.00 749.50
560.00 539.50 1360.00 540.50
701.00 540.00 1219.00 540.00
638.00 507.00 1282.00 573.00
519.00 376.00 1401.00 704.00
661.00 511.50 1259.00 568.50
599.00 367.50 1321.00 712.50
520.00 290.50 1400.00 789.50
636.00 537.50 1284.00 542.50
521.00 538.00 1399.00 542.00
621.00 540.00 1299.00 540.00
541.00 305.50 1379.00 774.50
530.00 503.50 1390.00 576.50
616.00 539.50 1304.00 540.50
699.00 540.00 1221.00 540.00
702.00 528.00 1218.00 552.00
582.00 317.00 1338.00 763.00
701.00 389.50 1219.00 690.50
568.00 300.00 1352.00 780.00
642.00 533.50 1278.00 546.50
568.00 505.00 1352.00 575.00
919.00 540.00 1001.00 540.00
949.00 540.00 971.00 540.00
926.00 514.00 994.00 566.00
878.00 540.00 1042.00 540.00
876.00 540.00 1044.00 540.00
955.50 540.00 964.50 540.00
951.50 540.00 968.50 540.00
825.00 522.00 1095.00 558.00
848.00 522.00 1072.00 558.00
956.00 540.00 964.00 540.00
559.00 389.50 1361.00 690.50
762.00 538.50 1158.00 541.50
620.00 299.50 1300.00 780.50
540.00 520.50 1380.00 559.50
545.00 387.50 1375.00 692.50
649.00 292.00 1271.00 788.00
535.00 394.00 1385.00 686.00
683.00 331.00 1237.00 749.00
669.00 450.00 1251.00 630.00
554.00 291.50 1366.00 788.50
