400.00 368.00 329.00 306.00
919.50 458.50 1000.50 621.50
687.00 295.00 1233.00 785.00
704.00 297.50 1216.00 782.50
843.00 535.50 1077.00 544.50
686.00 303.00 1234.00 777.00
562.00 359.00 1358.00 721.00
532.00 531.00 1388.00 549.00
834.00 539.50 1086.00 540.50
575.00 307.00 1345.00 773.00
518.00 540.00 1402.00 540.00
560.00 496.00 1360.00 584.00
674.00 540.00 1246.00 540.00
537.00 540.00 1383.00 540.00
520.00 533.50 1400.00 546.50
518.00 540.00 1402.00 540.00
576.00 540.00 1344.00 540.00
540.00 533.50 1380.00 546.50
566.00 525.00 1354.00 555.00
529.00 540.00 1391.00 540.00
562.00 540.00 1358.00 540.00
517.00 540.00 1403.00 540.00
528.00 538.50 1392.00 541.50
517.00 540.00 1403.00 540.00
648.00 539.50 1272.00 540.50
523.00 540.00 1397.00 540.00
728.00 408.50 1192.00 671.50
584.00 518.50 1336.00 561.50
582.00 518.50 1338.00 561.50
811.00 297.00 1109.00 783.00
567.00 539.50 1353.00 540.50
774.00 424.50 1146.00 655.50
937.50 540.00 982.50 540.00
578.00 489.50 1342.00 590.50
839.00 538.00 1081.00 542.00
918.00 540.00 1002.00 540.00
935.50 512.50 984.50 567.50
959.00 540.00 961.00 540.00
668.00 540.00 1252.00 540.00
661.00 540.00 1259.00 540.00
957.00 540.00 963.00 540.00
788.00 540.00 1132.00 540.00
934.50 540.00 985.50 540.00
956.00 540.00 964.00 540.00
934.00 540.00 986.00 540.00
938.50 540.00 981.50 540.00
948.00 540.00 972.00 540.00
943.00 540.00 977.00 540.00
578.00 540.00 1342.00 540.00
591.00 540.00 1329.00 540.00
818.00 540.00 1102.00 540.00
836.00 540.00 1084.00 540.00
950.50 540.00 969.50 540.00
946.00 540.00 974.00 540.00
839.00 540.00 1081.00 540.00
888.00 540.00 1032.00 540.00
942.00 540.00 978.00 540.00
546.00 540.00 1374.00 540.00
660.00 540.00 1260.00 540.00
669.00 540.00 1251.00 540.00
726.00 540.00 1194.00 540.00
843.00 540.00 1077.00 540.00
803.00 540.00 1117.00 540.00
672.00 540.00 1248.00 540.00
539.00 540.00 1381.00 540.00
674.00 540.00 1246.00 540.00
854.00 540.00 1066.00 540.00
936.50 540.00 983.50 540.00
935.50 500.50 984.50 579.50
950.50 342.00 969.50 738.00
958.00 437.50 962.00 642.50
929.00 524.00 991.00 556.00
921.50 331.00 998.50 749.00
844.00 540.00 1076.00 540.00
934.50 540.00 985.50 540.00
903.00 540.00 1017.00 540.00
876.00 540.00 1044.00 540.00
947.00 513.50 973.00 566.50
708.00 470.00 1212.00 610.00
822.00 540.00 1098.00 540.00
939.50 540.00 980.50 540.00
866.00 540.00 1054.00 540.00
552.00 540.00 1368.00 540.00
633.00 540.00 1287.00 540.00
628.00 540.00 1292.00 540.00
706.00 540.00 1214.00 540.00
523.00 540.00 1397.00 540.00
544.00 540.00 1376.00 540.00
763.00 516.50 1157.00 563.50
635.00 540.00 1285.00 540.00
924.50 540.00 995.50 540.00
912.00 499.00 1008.00 581.00
668.00 540.00 1252.00 540.00
679.00 453.00 1241.00 627.00
737.00 538.00 1183.00 542.00
740.00 539.50 1180.00 540.50
707.00 373.00 1213.00 707.00
738.00 540.00 1182.00 540.00
536.00 540.00 1384.00 540.00
678.00 290.50 1242.00 789.50
705.00 537.00 1215.00 543.00
610.00 540.00 1310.00 540.00
593.00 540.00 1327.00 540.00
517.00 540.00 1403.00 540.00
517.00 540.00 1403.00 540.00
517.00 540.00 1403.00 540.00
517.00 540.00 1403.00 540.00
517.00 540.00 1403.00 540.00
582.00 540.00 1338.00 540.00
517.00 490.00 1403.00 590.00
524.00 396.00 1396.00 684.00
517.00 411.00 1403.00 669.00
517.00 540.00 1403.00 540.00
517.00 540.00 1403.00 540.00
534.00 540.00 1386.00 540.00
519.00 540.00 1401.00 540.00
517.00 533.00 1403.00 547.00
517.00 540.00 1403.00 540.00
517.00 540.00 1403.00 540.00
517.00 540.00 1403.00 540.00
517.00 367.50 1403.00 712.50
518.00 539.50 1402.00 540.50
527.00 298.50 1393.00 781.50
517.00 339.50 1403.00 740.50
519.00 296.00 1401.00 784.00
517.00 538.00 1403.00 542.00
581.00 299.50 1339.00 780.50
518.00 297.50 1402.00 782.50
524.00 334.50 1396.00 745.50
518.00 298.00 1402.00 782.00
623.00 366.50 1297.00 713.50
578.00 521.00 1342.00 559.00
518.00 505.00 1402.00 575.00
587.00 326.00 1333.00 754.00
584.00 299.00 1336.00 781.00
526.00 465.00 1394.00 615.00
532.00 291.50 1388.00 788.50
527.00 300.00 1393.00 780.00
607.00 292.50 1313.00 787.50
589.00 320.00 1331.00 760.00
575.00 293.00 1345.00 787.00
788.00 533.50 1132.00 546.50
785.00 407.00 1135.00 673.00
894.00 526.00 1026.00 554.00
818.00 290.50 1102.00 789.50
592.00 354.00 1328.00 726.00
668.00 293.50 1252.00 786.50
622.00 291.00 1298.00 789.00
760.00 291.50 1160.00 788.50
648.00 307.00 1272.00 773.00
792.00 535.50 1128.00 544.50
685.00 294.50 1235.00 785.50
716.00 540.00 1204.00 540.00
560.00 535.50 1360.00 544.50
555.00 540.00 1365.00 540.00
578.00 540.00 1342.00 540.00
522.00 540.00 1398.00 540.00
523.00 540.00 1397.00 540.00
522.00 536.00 1398.00 544.00
821.00 540.00 1099.00 540.00
522.00 540.00 1398.00 540.00
518.00 539.50 1402.00 540.50
521.00 540.00 1399.00 540.00
520.00 540.00 1400.00 540.00
597.00 459.50 1323.00 620.50
518.00 540.00 1402.00 540.00
524.00 487.50 1396.00 592.50
517.00 537.00 1403.00 543.00
518.00 540.00 1402.00 540.00
523.00 505.00 1397.00 575.00
522.00 302.50 1398.00 777.50
518.00 317.50 1402.00 762.50
517.00 400.50 1403.00 679.50
517.00 313.00 1403.00 767.00
518.00 324.50 1402.00 755.50
517.00 494.50 1403.00 585.50
521.00 290.50 1399.00 789.50
522.00 297.50 1398.00 782.50
517.00 313.00 1403.00 767.00
522.00 293.00 1398.00 787.00
524.00 349.00 1396.00 731.00
522.00 529.50 1398.00 550.50
517.00 512.00 1403.00 568.00
518.00 301.50 1402.00 778.50
517.00 539.00 1403.00 541.00
517.00 511.50 1403.00 568.50
517.00 343.50 1403.00 736.50
518.00 521.00 1402.00 559.00
519.00 540.00 1401.00 540.00
518.00 334.00 1402.00 746.00
519.00 526.50 1401.00 553.50
521.00 381.50 1399.00 698.50
517.00 539.00 1403.00 541.00
520.00 304.50 1400.00 775.50
518.00 457.00 1402.00 623.00
538.00 508.50 1382.00 571.50
518.00 307.50 1402.00 772.50
518.00 350.00 1402.00 730.00
527.00 294.50 1393.00 785.50
549.00 291.00 1371.00 789.00
517.00 540.00 1403.00 540.00
527.00 420.00 1393.00 660.00
616.00 340.50 1304.00 739.50
540.00 295.50 1380.00 784.50
528.00 296.00 1392.00 784.00
532.00 292.00 1388.00 788.00
518.00 522.50 1402.00 557.50
518.00 530.00 1402.00 550.00
517.00 520.00 1403.00 560.00
517.00 344.00 1403.00 736.00
518.00 531.00 1402.00 549.00
518.00 398.50 1402.00 681.50
518.00 335.00 1402.00 745.00
537.00 312.50 1383.00 767.50
620.00 322.00 1300.00 758.00
552.00 307.00 1368.00 773.00
543.00 303.00 1377.00 777.00
518.00 419.00 1402.00 661.00
525.00 305.00 1395.00 775.00
578.00 540.00 1342.00 540.00
523.00 453.00 1397.00 627.00
519.00 334.00 1401.00 746.00
546.00 417.00 1374.00 663.00
680.00 300.50 1240.00 779.50
765.00 292.50 1155.00 787.50
936.50 341.00 983.50 739.00
956.00 318.50 964.00 761.50
957.00 539.50 963.00 540.50
960.00 538.50 960.00 541.50
952.50 491.00 967.50 589.00
958.00 539.50 962.00 540.50
960.00 337.00 960.00 743.00
951.50 402.50 968.50 677.50
846.00 531.00 1074.00 549.00
643.00 376.00 1277.00 704.00
960.00 534.50 960.00 545.50
932.00 522.00 988.00 558.00
927.00 319.50 993.00 760.50
958.00 327.00 962.00 753.00
960.00 474.50 960.00 605.50
958.00 484.50 962.00 595.50
959.00 533.50 961.00 546.50
960.00 540.00 960.00 540.00
960.00 329.00 960.00 751.00
959.00 540.00 961.00 540.00
959.00 540.00 961.00 540.00
959.00 540.00 961.00 540.00
960.00 540.00 960.00 540.00
959.00 540.00 961.00 540.00
958.00 540.00 962.00 540.00
960.00 535.50 960.00 544.50
960.00 540.00 960.00 540.00
960.00 540.00 960.00 540.00
959.00 539.50 961.00 540.50
960.00 540.00 960.00 540.00
960.00 540.00 960.00 540.00
959.00 540.00 961.00 540.00
959.00 540.00 961.00 540.00
960.00 292.00 960.00 788.00
960.00 302.50 960.00 777.50
960.00 296.00 960.00 784.00
959.00 455.00 961.00 625.00
958.00 292.50 962.00 787.50
959.00 404.00 961.00 676.00
959.00 297.50 961.00 782.50
914.00 468.50 1006.00 611.50
956.00 537.50 964.00 542.50
721.00 462.50 1199.00 617.50
734.00 523.50 1186.00 556.50
522.00 380.50 1398.00 699.50
639.00 540.00 1281.00 540.00
518.00 331.00 1402.00 749.00
523.00 417.50 1397.00 662.50
631.00 527.50 1289.00 552.50
532.00 476.50 1388.00 603.50
518.00 387.50 1402.00 692.50
518.00 290.50 1402.00 789.50
523.00 297.50 1397.00 782.50
518.00 290.50 1402.00 789.50
527.00 291.00 1393.00 789.00
520.00 291.00 1400.00 789.00
519.00 291.00 1401.00 789.00
520.00 291.00 1400.00 789.00
517.00 292.00 1403.00 788.00
517.00 293.50 1403.00 786.50
517.00 291.00 1403.00 789.00
528.00 290.50 1392.00 789.50
547.00 290.50 1373.00 789.50
518.00 292.00 1402.00 788.00
518.00 290.50 1402.00 789.50
521.00 291.00 1399.00 789.00
643.00 290.50 1277.00 789.50
656.00 290.50 1264.00 789.50
518.00 307.50 1402.00 772.50
518.00 291.00 1402.00 789.00
518.00 290.50 1402.00 789.50
517.00 291.00 1403.00 789.00
518.00 291.00 1402.00 789.00
563.00 293.00 1357.00 787.00
543.00 291.50 1377.00 788.50
571.00 290.50 1349.00 789.50
518.00 387.00 1402.00 693.00
535.00 298.00 1385.00 782.00
583.00 295.50 1337.00 784.50
527.00 375.00 1393.00 705.00
563.00 305.00 1357.00 775.00
538.00 299.00 1382.00 781.00
540.00 343.50 1380.00 736.50
529.00 445.00 1391.00 635.00
520.00 538.50 1400.00 541.50
518.00 539.00 1402.00 541.00
523.00 291.00 1397.00 789.00
527.00 364.50 1393.00 715.50
517.00 370.00 1403.00 710.00
675.00 364.50 1245.00 715.50
676.00 342.00 1244.00 738.00
713.00 337.50 1207.00 742.50
731.00 496.00 1189.00 584.00
703.00 446.50 1217.00 633.50
840.00 359.50 1080.00 720.50
809.00 368.00 1111.00 712.00
614.00 415.50 1306.00 664.50
731.00 504.00 1189.00 576.00
876.00 476.50 1044.00 603.50
835.00 454.00 1085.00 626.00
958.00 346.50 962.00 733.50
880.00 323.50 1040.00 756.50
958.00 540.00 962.00 540.00
916.00 539.50 1004.00 540.50
957.00 539.00 963.00 541.00
948.00 540.00 972.00 540.00
910.50 540.00 1009.50 540.00
960.00 540.00 960.00 540.00
960.00 540.00 960.00 540.00
960.00 540.00 960.00 540.00
960.00 540.00 960.00 540.00
960.00 540.00 960.00 540.00
960.00 540.00 960.00 540.00
960.00 540.00 960.00 540.00
960.00 540.00 960.00 540.00
959.00 540.00 961.00 540.00
960.00 540.00 960.00 540.00
960.00 540.00 960.00 540.00
960.00 540.00 960.00 540.00
960.00 540.00 960.00 540.00
960.00 540.00 960.00 540.00
960.00 540.00 960.00 540.00
960.00 540.00 960.00 540.00
959.00 540.00 961.00 540.00
960.00 540.00 960.00 540.00
960.00 540.00 960.00 540.00
960.00 540.00 960.00 540.00
960.00 540.00 960.00 540.00
960.00 540.00 960.00 540.00
960.00 540.00 960.00 540.00
960.00 540.00 960.00 540.00
960.00 540.00 960.00 540.00
960.00 540.00 960.00 540.00
960.00 540.00 960.00 540.00
960.00 540.00 960.00 540.00
960.00 540.00 960.00 540.00
960.00 540.00 960.00 540.00
960.00 540.00 960.00 540.00
960.00 540.00 960.00 540.00
960.00 540.00 960.00 540.00
960.00 540.00 960.00 540.00
960.00 540.00 960.00 540.00
960.00 540.00 960.00 540.00
960.00 540.00 960.00 540.00
960.00 540.00 960.00 540.00
960.00 540.00 960.00 540.00
960.00 540.00 960.00 540.00
960.00 540.00 960.00 540.00
960.00 540.00 960.00 540.00
960.00 540.00 960.00 540.00
960.00 540.00 960.00 540.00
960.00 540.00 960.00 540.00
960.00 540.00 960.00 540.00
957.00 540.00 963.00 540.00
960.00 540.00 960.00 540.00
960.00 540.00 960.00 540.00
960.00 540.00 960.00 540.00
960.00 540.00 960.00 540.00
960.00 540.00 960.00 540.00
960.00 540.00 960.00 540.00
960.00 540.00 960.00 540.00
960.00 540.00 960.00 540.00
959.00 540.00 961.00 540.00
960.00 540.00 960.00 540.00
960.00 540.00 960.00 540.00
960.00 540.00 960.00 540.00
960.00 540.00 960.00 540.00
960.00 540.00 960.00 540.00
960.00 540.00 960.00 540.00
960.00 540.00 960.00 540.00
960.00 540.00 960.00 540.00
960.00 540.00 960.00 540.00
960.00 540.00 960.00 540.00
960.00 540.00 960.00 540.00
960.00 540.00 960.00 540.00
