1116.00 469.00 118.00 233.00
650.00 290.50 1270.00 789.50
831.00 290.50 1089.00 789.50
788.00 290.50 1132.00 789.50
758.00 290.50 1162.00 789.50
653.00 290.50 1267.00 789.50
915.00 290.50 1005.00 789.50
732.00 290.50 1188.00 789.50
737.00 290.50 1183.00 789.50
753.00 291.50 1167.00 788.50
780.00 290.50 1140.00 789.50
854.00 290.50 1066.00 789.50
732.00 290.50 1188.00 789.50
927.00 290.50 993.00 789.50
614.00 290.50 1306.00 789.50
732.00 290.50 1188.00 789.50
688.00 290.50 1232.00 789.50
766.00 290.50 1154.00 789.50
608.00 290.50 1312.00 789.50
821.00 290.50 1099.00 789.50
892.00 452.00 1028.00 628.00
653.00 309.00 1267.00 771.00
806.00 450.00 1114.00 630.00
595.00 290.50 1325.00 789.50
543.00 290.50 1377.00 789.50
649.00 291.00 1271.00 789.00
535.00 290.50 1385.00 789.50
826.00 290.50 1094.00 789.50
601.00 290.50 1319.00 789.50
771.00 290.50 1149.00 789.50
744.00 290.50 1176.00 789.50
869.00 290.50 1051.00 789.50
663.00 291.00 1257.00 789.00
789.00 298.50 1131.00 781.50
657.00 448.00 1263.00 632.00
939.50 522.00 980.50 558.00
762.00 512.00 1158.00 568.00
620.00 290.50 1300.00 789.50
611.00 290.50 1309.00 789.50
543.00 290.50 1377.00 789.50
695.00 290.50 1225.00 789.50
802.00 290.50 1118.00 789.50
860.00 291.00 1060.00 789.00
722.00 290.50 1198.00 789.50
606.00 291.50 1314.00 788.50
861.00 290.50 1059.00 789.50
721.00 290.50 1199.00 789.50
753.00 290.50 1167.00 789.50
599.00 290.50 1321.00 789.50
742.00 290.50 1178.00 789.50
735.00 290.50 1185.00 789.50
610.00 290.50 1310.00 789.50
684.00 290.50 1236.00 789.50
700.00 290.50 1220.00 789.50
649.00 290.50 1271.00 789.50
638.00 290.50 1282.00 789.50
661.00 290.50 1259.00 789.50
532.00 290.50 1388.00 789.50
911.00 462.00 1009.00 618.00
770.00 313.00 1150.00 767.00
595.00 292.00 1325.00 788.00
587.00 290.50 1333.00 789.50
633.00 290.50 1287.00 789.50
934.00 290.50 986.00 789.50
727.00 290.50 1193.00 789.50
638.00 290.50 1282.00 789.50
715.00 290.50 1205.00 789.50
638.00 290.50 1282.00 789.50
671.00 290.50 1249.00 789.50
547.00 290.50 1373.00 789.50
672.00 290.50 1248.00 789.50
631.00 290.50 1289.00 789.50
536.00 290.50 1384.00 789.50
548.00 290.50 1372.00 789.50
636.00 290.50 1284.00 789.50
614.00 290.50 1306.00 789.50
682.00 290.50 1238.00 789.50
682.00 290.50 1238.00 789.50
843.00 290.50 1077.00 789.50
655.00 290.50 1265.00 789.50
626.00 290.50 1294.00 789.50
557.00 290.50 1363.00 789.50
561.00 290.50 1359.00 789.50
620.00 290.50 1300.00 789.50
622.00 290.50 1298.00 789.50
761.00 290.50 1159.00 789.50
585.00 290.50 1335.00 789.50
659.00 290.50 1261.00 789.50
520.00 290.50 1400.00 789.50
631.00 290.50 1289.00 789.50
608.00 290.50 1312.00 789.50
594.00 290.50 1326.00 789.50
615.00 290.50 1305.00 789.50
616.00 290.50 1304.00 789.50
534.00 290.50 1386.00 789.50
786.00 290.50 1134.00 789.50
806.00 290.50 1114.00 789.50
716.00 290.50 1204.00 789.50
685.00 290.50 1235.00 789.50
704.00 290.50 1216.00 789.50
769.00 290.50 1151.00 789.50
668.00 290.50 1252.00 789.50
758.00 290.50 1162.00 789.50
748.00 290.50 1172.00 789.50
616.00 290.50 1304.00 789.50
847.00 290.50 1073.00 789.50
703.00 290.50 1217.00 789.50
698.00 290.50 1222.00 789.50
684.00 290.50 1236.00 789.50
638.00 290.50 1282.00 789.50
665.00 290.50 1255.00 789.50
728.00 290.50 1192.00 789.50
798.00 290.50 1122.00 789.50
746.00 290.50 1174.00 789.50
524.00 290.50 1396.00 789.50
638.00 290.50 1282.00 789.50
865.00 290.50 1055.00 789.50
746.00 290.50 1174.00 789.50
653.00 290.50 1267.00 789.50
756.00 290.50 1164.00 789.50
729.00 290.50 1191.00 789.50
642.00 290.50 1278.00 789.50
587.00 290.50 1333.00 789.50
595.00 294.50 1325.00 785.50
622.00 291.00 1298.00 789.00
582.00 290.50 1338.00 789.50
608.00 290.50 1312.00 789.50
591.00 290.50 1329.00 789.50
728.00 290.50 1192.00 789.50
839.00 290.50 1081.00 789.50
608.00 290.50 1312.00 789.50
584.00 290.50 1336.00 789.50
739.00 290.50 1181.00 789.50
676.00 290.50 1244.00 789.50
541.00 290.50 1379.00 789.50
545.00 290.50 1375.00 789.50
524.00 290.50 1396.00 789.50
587.00 290.50 1333.00 789.50
575.00 290.50 1345.00 789.50
529.00 290.50 1391.00 789.50
665.00 290.50 1255.00 789.50
592.00 291.00 1328.00 789.00
519.00 290.50 1401.00 789.50
699.00 290.50 1221.00 789.50
636.00 290.50 1284.00 789.50
919.50 535.50 1000.50 544.50
595.00 498.00 1325.00 582.00
597.00 535.50 1323.00 544.50
783.00 539.50 1137.00 540.50
862.00 539.00 1058.00 541.00
934.50 540.00 985.50 540.00
958.00 539.50 962.00 540.50
960.00 540.00 960.00 540.00
960.00 540.00 960.00 540.00
960.00 540.00 960.00 540.00
959.00 392.00 961.00 688.00
959.00 290.50 961.00 789.50
960.00 294.50 960.00 785.50
960.00 291.50 960.00 788.50
953.50 293.00 966.50 787.00
958.00 290.50 962.00 789.50
960.00 290.50 960.00 789.50
900.00 322.00 1020.00 758.00
958.00 295.50 962.00 784.50
818.00 298.50 1102.00 781.50
928.00 290.50 992.00 789.50
943.00 290.50 977.00 789.50
778.00 290.50 1142.00 789.50
769.00 290.50 1151.00 789.50
650.00 290.50 1270.00 789.50
531.00 290.50 1389.00 789.50
693.00 290.50 1227.00 789.50
784.00 290.50 1136.00 789.50
743.00 291.00 1177.00 789.00
526.00 290.50 1394.00 789.50
908.50 290.50 1011.50 789.50
613.00 290.50 1307.00 789.50
786.00 290.50 1134.00 789.50
645.00 290.50 1275.00 789.50
877.00 293.00 1043.00 787.00
665.00 290.50 1255.00 789.50
651.00 290.50 1269.00 789.50
733.00 290.50 1187.00 789.50
906.50 290.50 1013.50 789.50
730.00 290.50 1190.00 789.50
922.50 533.50 997.50 546.50
959.00 540.00 961.00 540.00
919.50 328.50 1000.50 751.50
902.00 290.50 1018.00 789.50
697.00 290.50 1223.00 789.50
577.00 291.00 1343.00 789.00
798.00 290.50 1122.00 789.50
955.50 290.50 964.50 789.50
854.00 290.50 1066.00 789.50
951.50 290.50 968.50 789.50
569.00 292.00 1351.00 788.00
712.00 290.50 1208.00 789.50
717.00 290.50 1203.00 789.50
873.00 290.50 1047.00 789.50
724.00 290.50 1196.00 789.50
742.00 290.50 1178.00 789.50
547.00 290.50 1373.00 789.50
850.00 290.50 1070.00 789.50
678.00 290.50 1242.00 789.50
791.00 290.50 1129.00 789.50
678.00 290.50 1242.00 789.50
690.00 290.50 1230.00 789.50
549.00 299.00 1371.00 781.00
691.00 290.50 1229.00 789.50
519.00 290.50 1401.00 789.50
517.00 290.50 1403.00 789.50
536.00 290.50 1384.00 789.50
639.00 290.50 1281.00 789.50
562.00 290.50 1358.00 789.50
867.00 290.50 1053.00 789.50
915.00 290.50 1005.00 789.50
759.00 290.50 1161.00 789.50
560.00 290.50 1360.00 789.50
535.00 291.00 1385.00 789.00
517.00 290.50 1403.00 789.50
518.00 290.50 1402.00 789.50
517.00 290.50 1403.00 789.50
532.00 290.50 1388.00 789.50
607.00 290.50 1313.00 789.50
640.00 290.50 1280.00 789.50
707.00 290.50 1213.00 789.50
793.00 290.50 1127.00 789.50
669.00 291.50 1251.00 788.50
594.00 290.50 1326.00 789.50
715.00 290.50 1205.00 789.50
559.00 290.50 1361.00 789.50
518.00 290.50 1402.00 789.50
518.00 290.50 1402.00 789.50
518.00 290.50 1402.00 789.50
616.00 290.50 1304.00 789.50
525.00 290.50 1395.00 789.50
774.00 290.50 1146.00 789.50
700.00 290.50 1220.00 789.50
608.00 290.50 1312.00 789.50
599.00 290.50 1321.00 789.50
610.00 290.50 1310.00 789.50
806.00 290.50 1114.00 789.50
919.50 290.50 1000.50 789.50
595.00 358.50 1325.00 721.50
519.00 307.00 1401.00 773.00
552.00 290.50 1368.00 789.50
517.00 290.50 1403.00 789.50
518.00 290.50 1402.00 789.50
518.00 290.50 1402.00 789.50
596.00 290.50 1324.00 789.50
583.00 290.50 1337.00 789.50
664.00 290.50 1256.00 789.50
576.00 290.50 1344.00 789.50
736.00 290.50 1184.00 789.50
761.00 290.50 1159.00 789.50
718.00 290.50 1202.00 789.50
585.00 290.50 1335.00 789.50
527.00 290.50 1393.00 789.50
557.00 290.50 1363.00 789.50
586.00 290.50 1334.00 789.50
639.00 290.50 1281.00 789.50
698.00 290.50 1222.00 789.50
526.00 290.50 1394.00 789.50
670.00 290.50 1250.00 789.50
600.00 290.50 1320.00 789.50
608.00 290.50 1312.00 789.50
711.00 290.50 1209.00 789.50
622.00 290.50 1298.00 789.50
596.00 290.50 1324.00 789.50
646.00 290.50 1274.00 789.50
540.00 290.50 1380.00 789.50
615.00 291.00 1305.00 789.00
523.00 301.00 1397.00 779.00
641.00 290.50 1279.00 789.50
597.00 290.50 1323.00 789.50
644.00 290.50 1276.00 789.50
638.00 290.50 1282.00 789.50
710.00 290.50 1210.00 789.50
713.00 290.50 1207.00 789.50
802.00 290.50 1118.00 789.50
529.00 290.50 1391.00 789.50
606.00 290.50 1314.00 789.50
533.00 290.50 1387.00 789.50
587.00 290.50 1333.00 789.50
627.00 290.50 1293.00 789.50
519.00 290.50 1401.00 789.50
683.00 290.50 1237.00 789.50
627.00 290.50 1293.00 789.50
585.00 290.50 1335.00 789.50
532.00 290.50 1388.00 789.50
638.00 290.50 1282.00 789.50
547.00 290.50 1373.00 789.50
536.00 290.50 1384.00 789.50
653.00 290.50 1267.00 789.50
542.00 290.50 1378.00 789.50
750.00 290.50 1170.00 789.50
781.00 290.50 1139.00 789.50
652.00 290.50 1268.00 789.50
712.00 290.50 1208.00 789.50
698.00 290.50 1222.00 789.50
