489.00 589.00 698.00 485.00
960.00 540.00 960.00 540.00
960.00 540.00 960.00 540.00
959.00 540.00 961.00 540.00
959.00 540.00 961.00 540.00
959.00 540.00 961.00 540.00
960.00 540.00 960.00 540.00
960.00 540.00 960.00 540.00
960.00 540.00 960.00 540.00
960.00 540.00 960.00 540.00
959.00 540.00 961.00 540.00
960.00 540.00 960.00 540.00
906.50 540.00 1013.50 540.00
960.00 540.00 960.00 540.00
939.50 540.00 980.50 540.00
960.00 540.00 960.00 540.00
960.00 540.00 960.00 540.00
960.00 540.00 960.00 540.00
718.00 540.00 1202.00 540.00
768.00 540.00 1152.00 540.00
738.00 540.00 1182.00 540.00
543.00 540.00 1377.00 540.00
517.00 540.00 1403.00 540.00
538.00 540.00 1382.00 540.00
585.00 540.00 1335.00 540.00
518.00 540.00 1402.00 540.00
517.00 540.00 1403.00 540.00
533.00 540.00 1387.00 540.00
680.00 540.00 1240.00 540.00
517.00 540.00 1403.00 540.00
518.00 540.00 1402.00 540.00
517.00 540.00 1403.00 540.00
517.00 540.00 1403.00 540.00
517.00 540.00 1403.00 540.00
533.00 540.00 1387.00 540.00
647.00 540.00 1273.00 540.00
891.00 540.00 1029.00 540.00
960.00 540.00 960.00 540.00
949.50 540.00 970.50 540.00
960.00 540.00 960.00 540.00
960.00 540.00 960.00 540.00
919.50 540.00 1000.50 540.00
532.00 540.00 1388.00 540.00
521.00 540.00 1399.00 540.00
540.00 540.00 1380.00 540.00
549.00 540.00 1371.00 540.00
517.00 540.00 1403.00 540.00
517.00 540.00 1403.00 540.00
517.00 540.00 1403.00 540.00
517.00 540.00 1403.00 540.00
517.00 540.00 1403.00 540.00
518.00 540.00 1402.00 540.00
517.00 540.00 1403.00 540.00
517.00 540.00 1403.00 540.00
517.00 540.00 1403.00 540.00
517.00 540.00 1403.00 540.00
517.00 540.00 1403.00 540.00
517.00 540.00 1403.00 540.00
520.00 540.00 1400.00 540.00
517.00 540.00 1403.00 540.00
517.00 540.00 1403.00 540.00
517.00 540.00 1403.00 540.00
693.00 540.00 1227.00 540.00
941.00 540.00 979.00 540.00
702.00 540.00 1218.00 540.00
956.00 540.00 964.00 540.00
518.00 540.00 1402.00 540.00
587.00 540.00 1333.00 540.00
535.00 540.00 1385.00 540.00
529.00 540.00 1391.00 540.00
518.00 540.00 1402.00 540.00
517.00 540.00 1403.00 540.00
582.00 540.00 1338.00 540.00
582.00 540.00 1338.00 540.00
721.00 540.00 1199.00 540.00
772.00 540.00 1148.00 540.00
555.00 540.00 1365.00 540.00
667.00 540.00 1253.00 540.00
880.00 540.00 1040.00 540.00
954.50 540.00 965.50 540.00
866.00 540.00 1054.00 540.00
832.00 507.50 1088.00 572.50
588.00 520.50 1332.00 559.50
689.00 493.00 1231.00 587.00
644.00 497.50 1276.00 582.50
660.00 536.50 1260.00 543.50
757.00 306.50 1163.00 773.50
685.00 291.50 1235.00 788.50
811.00 449.00 1109.00 631.00
524.00 386.50 1396.00 693.50
691.00 456.00 1229.00 624.00
698.00 540.00 1222.00 540.00
673.00 540.00 1247.00 540.00
676.00 540.00 1244.00 540.00
762.00 540.00 1158.00 540.00
700.00 540.00 1220.00 540.00
915.00 540.00 1005.00 540.00
537.00 540.00 1383.00 540.00
742.00 540.00 1178.00 540.00
527.00 540.00 1393.00 540.00
617.00 540.00 1303.00 540.00
868.00 540.00 1052.00 540.00
952.50 540.00 967.50 540.00
921.50 540.00 998.50 540.00
935.50 540.00 984.50 540.00
944.00 540.00 976.00 540.00
913.00 540.00 1007.00 540.00
611.00 460.00 1309.00 620.00
960.00 540.00 960.00 540.00
959.00 312.50 961.00 767.50
862.00 406.00 1058.00 674.00
876.00 540.00 1044.00 540.00
701.00 540.00 1219.00 540.00
960.00 540.00 960.00 540.00
960.00 540.00 960.00 540.00
958.00 540.00 962.00 540.00
960.00 540.00 960.00 540.00
951.50 540.00 968.50 540.00
960.00 540.00 960.00 540.00
960.00 540.00 960.00 540.00
960.00 540.00 960.00 540.00
955.50 540.00 964.50 540.00
960.00 540.00 960.00 540.00
902.00 540.00 1018.00 540.00
960.00 540.00 960.00 540.00
748.00 540.00 1172.00 540.00
959.00 540.00 961.00 540.00
960.00 540.00 960.00 540.00
696.00 540.00 1224.00 540.00
874.00 540.00 1046.00 540.00
810.00 540.00 1110.00 540.00
683.00 540.00 1237.00 540.00
956.00 540.00 964.00 540.00
925.50 540.00 994.50 540.00
960.00 540.00 960.00 540.00
748.00 540.00 1172.00 540.00
919.00 540.00 1001.00 540.00
927.00 540.00 993.00 540.00
940.50 540.00 979.50 540.00
960.00 540.00 960.00 540.00
566.00 540.00 1354.00 540.00
794.00 540.00 1126.00 540.00
544.00 540.00 1376.00 540.00
526.00 540.00 1394.00 540.00
618.00 540.00 1302.00 540.00
672.00 540.00 1248.00 540.00
573.00 540.00 1347.00 540.00
856.00 540.00 1064.00 540.00
798.00 540.00 1122.00 540.00
727.00 540.00 1193.00 540.00
957.00 540.00 963.00 540.00
956.00 540.00 964.00 540.00
959.00 540.00 961.00 540.00
724.00 540.00 1196.00 540.00
612.00 540.00 1308.00 540.00
518.00 540.00 1402.00 540.00
586.00 540.00 1334.00 540.00
532.00 540.00 1388.00 540.00
574.00 540.00 1346.00 540.00
657.00 540.00 1263.00 540.00
847.00 540.00 1073.00 540.00
883.00 540.00 1037.00 540.00
562.00 540.00 1358.00 540.00
555.00 540.00 1365.00 540.00
631.00 340.50 1289.00 739.50
543.00 294.50 1377.00 785.50
518.00 539.00 1402.00 541.00
592.00 540.00 1328.00 540.00
585.00 540.00 1335.00 540.00
601.00 540.00 1319.00 540.00
604.00 540.00 1316.00 540.00
570.00 540.00 1350.00 540.00
924.50 540.00 995.50 540.00
592.00 540.00 1328.00 540.00
552.00 540.00 1368.00 540.00
652.00 540.00 1268.00 540.00
680.00 540.00 1240.00 540.00
921.50 540.00 998.50 540.00
554.00 540.00 1366.00 540.00
524.00 540.00 1396.00 540.00
748.00 540.00 1172.00 540.00
538.00 540.00 1382.00 540.00
842.00 540.00 1078.00 540.00
954.50 540.00 965.50 540.00
640.00 540.00 1280.00 540.00
518.00 540.00 1402.00 540.00
560.00 540.00 1360.00 540.00
959.00 540.00 961.00 540.00
577.00 540.00 1343.00 540.00
960.00 540.00 960.00 540.00
525.00 540.00 1395.00 540.00
594.00 540.00 1326.00 540.00
646.00 540.00 1274.00 540.00
517.00 540.00 1403.00 540.00
550.00 540.00 1370.00 540.00
615.00 540.00 1305.00 540.00
620.00 540.00 1300.00 540.00
517.00 540.00 1403.00 540.00
893.00 540.00 1027.00 540.00
850.00 540.00 1070.00 540.00
758.00 540.00 1162.00 540.00
568.00 540.00 1352.00 540.00
627.00 540.00 1293.00 540.00
601.00 540.00 1319.00 540.00
517.00 540.00 1403.00 540.00
648.00 540.00 1272.00 540.00
807.00 540.00 1113.00 540.00
674.00 540.00 1246.00 540.00
633.00 540.00 1287.00 540.00
886.00 540.00 1034.00 540.00
929.00 540.00 991.00 540.00
959.00 540.00 961.00 540.00
914.00 540.00 1006.00 540.00
956.00 540.00 964.00 540.00
946.00 540.00 974.00 540.00
935.50 540.00 984.50 540.00
954.50 540.00 965.50 540.00
900.00 540.00 1020.00 540.00
943.00 540.00 977.00 540.00
815.00 540.00 1105.00 540.00
888.00 540.00 1032.00 540.00
960.00 540.00 960.00 540.00
828.00 540.00 1092.00 540.00
960.00 540.00 960.00 540.00
959.00 540.00 961.00 540.00
960.00 540.00 960.00 540.00
960.00 540.00 960.00 540.00
803.00 540.00 1117.00 540.00
581.00 540.00 1339.00 540.00
956.00 540.00 964.00 540.00
821.00 540.00 1099.00 540.00
683.00 540.00 1237.00 540.00
947.00 540.00 973.00 540.00
796.00 396.00 1124.00 684.00
957.00 540.00 963.00 540.00
776.00 539.00 1144.00 541.00
734.00 540.00 1186.00 540.00
845.00 540.00 1075.00 540.00
960.00 540.00 960.00 540.00
960.00 540.00 960.00 540.00
946.00 540.00 974.00 540.00
960.00 540.00 960.00 540.00
958.00 539.50 962.00 540.50
953.50 540.00 966.50 540.00
858.00 540.00 1062.00 540.00
953.50 540.00 966.50 540.00
949.00 540.00 971.00 540.00
923.50 540.00 996.50 540.00
957.00 540.00 963.00 540.00
959.00 540.00 961.00 540.00
960.00 540.00 960.00 540.00
960.00 540.00 960.00 540.00
948.00 540.00 972.00 540.00
958.00 540.00 962.00 540.00
938.50 540.00 981.50 540.00
959.00 540.00 961.00 540.00
960.00 540.00 960.00 540.00
678.00 540.00 1242.00 540.00
841.00 540.00 1079.00 540.00
960.00 540.00 960.00 540.00
960.00 540.00 960.00 540.00
955.50 540.00 964.50 540.00
959.00 540.00 961.00 540.00
918.00 540.00 1002.00 540.00
953.50 540.00 966.50 540.00
957.00 540.00 963.00 540.00
949.00 540.00 971.00 540.00
960.00 540.00 960.00 540.00
960.00 540.00 960.00 540.00
816.00 540.00 1104.00 540.00
802.00 540.00 1118.00 540.00
886.00 540.00 1034.00 540.00
907.50 540.00 1012.50 540.00
710.00 540.00 1210.00 540.00
937.50 540.00 982.50 540.00
603.00 540.00 1317.00 540.00
647.00 540.00 1273.00 540.00
729.00 307.00 1191.00 773.00
702.00 540.00 1218.00 540.00
672.00 323.50 1248.00 756.50
811.00 536.50 1109.00 543.50
758.00 539.50 1162.00 540.50
876.00 540.00 1044.00 540.00
885.00 540.00 1035.00 540.00
861.00 540.00 1059.00 540.00
868.00 540.00 1052.00 540.00
856.00 540.00 1064.00 540.00
679.00 291.00 1241.00 789.00
951.50 290.50 968.50 789.50
735.00 290.50 1185.00 789.50
802.00 293.00 1118.00 787.00
891.00 486.00 1029.00 594.00
959.00 540.00 961.00 540.00
960.00 540.00 960.00 540.00
960.00 540.00 960.00 540.00
952.50 540.00 967.50 540.00
957.00 540.00 963.00 540.00
945.00 540.00 975.00 540.00
960.00 540.00 960.00 540.00
931.00 540.00 989.00 540.00
932.00 540.00 988.00 540.00
960.00 540.00 960.00 540.00
841.00 540.00 1079.00 540.00
805.00 540.00 1115.00 540.00
551.00 540.00 1369.00 540.00
529.00 540.00 1391.00 540.00
534.00 540.00 1386.00 540.00
760.00 540.00 1160.00 540.00
616.00 540.00 1304.00 540.00
647.00 540.00 1273.00 540.00
910.50 540.00 1009.50 540.00
580.00 540.00 1340.00 540.00
905.50 540.00 1014.50 540.00
911.00 540.00 1009.00 540.00
899.00 540.00 1021.00 540.00
860.00 540.00 1060.00 540.00
925.50 540.00 994.50 540.00
530.00 540.00 1390.00 540.00
818.00 540.00 1102.00 540.00
667.00 540.00 1253.00 540.00
574.00 540.00 1346.00 540.00
856.00 540.00 1064.00 540.00
568.00 540.00 1352.00 540.00
935.50 540.00 984.50 540.00
915.00 540.00 1005.00 540.00
607.00 540.00 1313.00 540.00
643.00 540.00 1277.00 540.00
957.00 540.00 963.00 540.00
946.00 540.00 974.00 540.00
947.00 540.00 973.00 540.00
816.00 540.00 1104.00 540.00
948.00 540.00 972.00 540.00
901.00 540.00 1019.00 540.00
636.00 540.00 1284.00 540.00
899.00 540.00 1021.00 540.00
712.00 540.00 1208.00 540.00
958.00 540.00 962.00 540.00
938.50 540.00 981.50 540.00
567.00 540.00 1353.00 540.00
938.50 540.00 981.50 540.00
646.00 446.50 1274.00 633.50
544.00 346.00 1376.00 734.00
610.00 296.50 1310.00 783.50
676.00 538.50 1244.00 541.50
571.00 540.00 1349.00 540.00
907.50 540.00 1012.50 540.00
858.00 540.00 1062.00 540.00
595.00 540.00 1325.00 540.00
871.00 540.00 1049.00 540.00
919.50 540.00 1000.50 540.00
904.00 540.00 1016.00 540.00
887.00 540.00 1033.00 540.00
592.00 540.00 1328.00 540.00
523.00 540.00 1397.00 540.00
960.00 540.00 960.00 540.00
937.50 540.00 982.50 540.00
958.00 540.00 962.00 540.00
709.00 540.00 1211.00 540.00
587.00 540.00 1333.00 540.00
960.00 540.00 960.00 540.00
855.00 540.00 1065.00 540.00
954.50 540.00 965.50 540.00
811.00 540.00 1109.00 540.00
562.00 540.00 1358.00 540.00
834.00 540.00 1086.00 540.00
959.00 540.00 961.00 540.00
716.00 539.00 1204.00 541.00
680.00 540.00 1240.00 540.00
611.00 540.00 1309.00 540.00
517.00 540.00 1403.00 540.00
639.00 540.00 1281.00 540.00
546.00 540.00 1374.00 540.00
693.00 540.00 1227.00 540.00
955.50 540.00 964.50 540.00
689.00 540.00 1231.00 540.00
960.00 540.00 960.00 540.00
832.00 540.00 1088.00 540.00
951.50 540.00 968.50 540.00
960.00 540.00 960.00 540.00
949.50 540.00 970.50 540.00
954.50 540.00 965.50 540.00
690.00 540.00 1230.00 540.00
943.00 540.00 977.00 540.00
852.00 540.00 1068.00 540.00
762.00 540.00 1158.00 540.00
848.00 540.00 1072.00 540.00
923.50 540.00 996.50 540.00
701.00 540.00 1219.00 540.00
959.00 540.00 961.00 540.00
959.00 540.00 961.00 540.00
950.50 540.00 969.50 540.00
936.50 540.00 983.50 540.00
873.00 540.00 1047.00 540.00
664.00 540.00 1256.00 540.00
531.00 540.00 1389.00 540.00
792.00 540.00 1128.00 540.00
527.00 540.00 1393.00 540.00
960.00 540.00 960.00 540.00
960.00 540.00 960.00 540.00
960.00 540.00 960.00 540.00
