693.00 453.00 173.00 338.00
524.00 293.50 1396.00 786.50
517.00 540.00 1403.00 540.00
519.00 317.50 1401.00 762.50
517.00 330.00 1403.00 750.00
696.00 540.00 1224.00 540.00
765.00 540.00 1155.00 540.00
920.50 540.00 999.50 540.00
907.50 536.00 1012.50 544.00
642.00 299.00 1278.00 781.00
960.00 540.00 960.00 540.00
785.00 447.00 1135.00 633.00
665.00 346.50 1255.00 733.50
958.00 309.00 962.00 771.00
739.00 399.00 1181.00 681.00
921.50 402.50 998.50 677.50
670.00 364.50 1250.00 715.50
801.00 342.00 1119.00 738.00
705.00 299.00 1215.00 781.00
894.00 291.00 1026.00 789.00
918.00 500.50 1002.00 579.50
777.00 539.50 1143.00 540.50
517.00 540.00 1403.00 540.00
572.00 540.00 1348.00 540.00
954.50 512.50 965.50 567.50
821.00 539.50 1099.00 540.50
899.00 540.00 1021.00 540.00
641.00 540.00 1279.00 540.00
648.00 540.00 1272.00 540.00
676.00 540.00 1244.00 540.00
950.50 536.00 969.50 544.00
639.00 394.50 1281.00 685.50
572.00 540.00 1348.00 540.00
526.00 530.50 1394.00 549.50
795.00 292.50 1125.00 787.50
852.00 327.50 1068.00 752.50
858.00 538.50 1062.00 541.50
942.00 506.00 978.00 574.00
549.00 346.50 1371.00 733.50
743.00 310.00 1177.00 770.00
628.00 290.50 1292.00 789.50
727.00 540.00 1193.00 540.00
932.00 523.50 988.00 556.50
660.00 512.50 1260.00 567.50
545.00 357.50 1375.00 722.50
919.00 540.00 1001.00 540.00
667.00 313.00 1253.00 767.00
951.50 378.00 968.50 702.00
731.00 540.00 1189.00 540.00
849.00 407.50 1071.00 672.50
674.00 540.00 1246.00 540.00
625.00 313.00 1295.00 767.00
646.00 306.50 1274.00 773.50
585.00 295.00 1335.00 785.00
808.00 540.00 1112.00 540.00
599.00 308.50 1321.00 771.50
552.00 396.00 1368.00 684.00
809.00 512.50 1111.00 567.50
934.00 539.50 986.00 540.50
958.00 531.50 962.00 548.50
955.50 539.50 964.50 540.50
909.50 354.50 1010.50 725.50
948.00 540.00 972.00 540.00
926.00 463.50 994.00 616.50
947.00 540.00 973.00 540.00
958.00 454.00 962.00 626.00
813.00 338.00 1107.00 742.00
938.50 522.50 981.50 557.50
559.00 290.50 1361.00 789.50
652.00 292.50 1268.00 787.50
644.00 291.50 1276.00 788.50
735.00 290.50 1185.00 789.50
638.00 315.50 1282.00 764.50
937.50 290.50 982.50 789.50
950.50 290.50 969.50 789.50
934.00 492.50 986.00 587.50
610.00 290.50 1310.00 789.50
958.00 290.50 962.00 789.50
572.00 531.00 1348.00 549.00
818.00 312.50 1102.00 767.50
955.50 306.00 964.50 774.00
861.00 500.50 1059.00 579.50
780.00 466.50 1140.00 613.50
941.00 540.00 979.00 540.00
887.00 312.00 1033.00 768.00
556.00 312.50 1364.00 767.50
960.00 540.00 960.00 540.00
519.00 291.50 1401.00 788.50
945.00 295.50 975.00 784.50
852.00 290.50 1068.00 789.50
925.50 290.50 994.50 789.50
838.00 290.50 1082.00 789.50
702.00 290.50 1218.00 789.50
807.00 291.00 1113.00 789.00
762.00 290.50 1158.00 789.50
948.00 539.50 972.00 540.50
953.50 291.50 966.50 788.50
958.00 377.00 962.00 703.00
959.00 518.00 961.00 562.00
960.00 290.50 960.00 789.50
949.50 290.50 970.50 789.50
874.00 290.50 1046.00 789.50
960.00 290.50 960.00 789.50
959.00 539.50 961.00 540.50
959.00 292.50 961.00 787.50
946.00 540.00 974.00 540.00
948.00 350.00 972.00 730.00
945.00 540.00 975.00 540.00
689.00 304.50 1231.00 775.50
539.00 373.50 1381.00 706.50
725.00 536.50 1195.00 543.50
526.00 295.50 1394.00 784.50
609.00 491.50 1311.00 588.50
682.00 302.00 1238.00 778.00
714.00 539.50 1206.00 540.50
686.00 319.50 1234.00 760.50
832.00 539.50 1088.00 540.50
690.00 291.00 1230.00 789.00
692.00 311.00 1228.00 769.00
727.00 334.50 1193.00 745.50
691.00 539.50 1229.00 540.50
932.00 540.00 988.00 540.00
536.00 302.00 1384.00 778.00
668.00 293.50 1252.00 786.50
679.00 515.00 1241.00 565.00
819.00 293.50 1101.00 786.50
564.00 294.50 1356.00 785.50
682.00 294.50 1238.00 785.50
537.00 511.00 1383.00 569.00
726.00 303.00 1194.00 777.00
862.00 292.50 1058.00 787.50
960.00 291.00 960.00 789.00
845.00 315.50 1075.00 764.50
950.50 540.00 969.50 540.00
950.50 312.00 969.50 768.00
869.00 291.00 1051.00 789.00
743.00 297.50 1177.00 782.50
958.00 290.50 962.00 789.50
862.00 290.50 1058.00 789.50
745.00 290.50 1175.00 789.50
879.00 290.50 1041.00 789.50
948.00 290.50 972.00 789.50
935.50 290.50 984.50 789.50
724.00 290.50 1196.00 789.50
744.00 290.50 1176.00 789.50
960.00 290.50 960.00 789.50
956.00 290.50 964.00 789.50
916.00 290.50 1004.00 789.50
957.00 290.50 963.00 789.50
772.00 290.50 1148.00 789.50
705.00 290.50 1215.00 789.50
770.00 290.50 1150.00 789.50
728.00 290.50 1192.00 789.50
602.00 290.50 1318.00 789.50
825.00 290.50 1095.00 789.50
659.00 290.50 1261.00 789.50
722.00 290.50 1198.00 789.50
794.00 290.50 1126.00 789.50
818.00 290.50 1102.00 789.50
691.00 290.50 1229.00 789.50
675.00 290.50 1245.00 789.50
872.00 290.50 1048.00 789.50
908.50 290.50 1011.50 789.50
890.00 290.50 1030.00 789.50
761.00 290.50 1159.00 789.50
729.00 290.50 1191.00 789.50
900.00 290.50 1020.00 789.50
759.00 290.50 1161.00 789.50
691.00 290.50 1229.00 789.50
720.00 290.50 1200.00 789.50
848.00 290.50 1072.00 789.50
875.00 290.50 1045.00 789.50
708.00 290.50 1212.00 789.50
584.00 294.50 1336.00 785.50
703.00 291.00 1217.00 789.00
844.00 291.00 1076.00 789.00
564.00 312.50 1356.00 767.50
544.00 315.00 1376.00 765.00
571.00 400.50 1349.00 679.50
530.00 290.50 1390.00 789.50
590.00 291.50 1330.00 788.50
533.00 290.50 1387.00 789.50
651.00 291.00 1269.00 789.00
927.00 291.00 993.00 789.00
875.00 290.50 1045.00 789.50
729.00 290.50 1191.00 789.50
956.00 375.00 964.00 705.00
913.00 290.50 1007.00 789.50
893.00 290.50 1027.00 789.50
916.00 290.50 1004.00 789.50
936.50 290.50 983.50 789.50
958.00 290.50 962.00 789.50
960.00 290.50 960.00 789.50
953.50 290.50 966.50 789.50
895.00 290.50 1025.00 789.50
700.00 311.00 1220.00 769.00
787.00 353.50 1133.00 726.50
540.00 290.50 1380.00 789.50
599.00 290.50 1321.00 789.50
721.00 318.00 1199.00 762.00
792.00 385.00 1128.00 695.00
958.00 290.50 962.00 789.50
935.50 290.50 984.50 789.50
957.00 304.50 963.00 775.50
734.00 292.00 1186.00 788.00
639.00 539.50 1281.00 540.50
754.00 298.50 1166.00 781.50
855.00 290.50 1065.00 789.50
701.00 293.00 1219.00 787.00
893.00 394.00 1027.00 686.00
638.00 300.00 1282.00 780.00
892.00 539.50 1028.00 540.50
959.00 297.00 961.00 783.00
792.00 540.00 1128.00 540.00
905.50 539.50 1014.50 540.50
951.50 291.00 968.50 789.00
954.50 302.00 965.50 778.00
951.50 449.00 968.50 631.00
909.50 290.50 1010.50 789.50
610.00 291.50 1310.00 788.50
527.00 500.50 1393.00 579.50
560.00 290.50 1360.00 789.50
523.00 290.50 1397.00 789.50
662.00 290.50 1258.00 789.50
881.00 290.50 1039.00 789.50
788.00 290.50 1132.00 789.50
649.00 425.00 1271.00 655.00
692.00 290.50 1228.00 789.50
655.00 290.50 1265.00 789.50
573.00 323.50 1347.00 756.50
682.00 291.50 1238.00 788.50
608.00 306.00 1312.00 774.00
589.00 293.00 1331.00 787.00
649.00 291.50 1271.00 788.50
729.00 290.50 1191.00 789.50
518.00 290.50 1402.00 789.50
586.00 293.00 1334.00 787.00
521.00 290.50 1399.00 789.50
608.00 290.50 1312.00 789.50
519.00 293.00 1401.00 787.00
642.00 290.50 1278.00 789.50
518.00 431.00 1402.00 649.00
535.00 290.50 1385.00 789.50
554.00 290.50 1366.00 789.50
519.00 294.50 1401.00 785.50
520.00 300.50 1400.00 779.50
532.00 292.00 1388.00 788.00
529.00 301.00 1391.00 779.00
566.00 290.50 1354.00 789.50
718.00 290.50 1202.00 789.50
572.00 292.50 1348.00 787.50
578.00 290.50 1342.00 789.50
531.00 293.00 1389.00 787.00
525.00 290.50 1395.00 789.50
562.00 290.50 1358.00 789.50
764.00 290.50 1156.00 789.50
693.00 290.50 1227.00 789.50
676.00 290.50 1244.00 789.50
552.00 291.50 1368.00 788.50
525.00 290.50 1395.00 789.50
781.00 290.50 1139.00 789.50
741.00 290.50 1179.00 789.50
665.00 290.50 1255.00 789.50
535.00 290.50 1385.00 789.50
557.00 292.50 1363.00 787.50
518.00 294.50 1402.00 785.50
518.00 302.50 1402.00 777.50
534.00 290.50 1386.00 789.50
519.00 339.00 1401.00 741.00
668.00 290.50 1252.00 789.50
679.00 382.00 1241.00 698.00
545.00 290.50 1375.00 789.50
696.00 292.50 1224.00 787.50
556.00 290.50 1364.00 789.50
622.00 290.50 1298.00 789.50
616.00 290.50 1304.00 789.50
630.00 290.50 1290.00 789.50
538.00 290.50 1382.00 789.50
632.00 290.50 1288.00 789.50
526.00 290.50 1394.00 789.50
525.00 290.50 1395.00 789.50
527.00 290.50 1393.00 789.50
709.00 290.50 1211.00 789.50
519.00 290.50 1401.00 789.50
669.00 290.50 1251.00 789.50
524.00 290.50 1396.00 789.50
679.00 290.50 1241.00 789.50
704.00 290.50 1216.00 789.50
674.00 290.50 1246.00 789.50
520.00 290.50 1400.00 789.50
716.00 290.50 1204.00 789.50
623.00 292.00 1297.00 788.00
707.00 290.50 1213.00 789.50
698.00 290.50 1222.00 789.50
701.00 290.50 1219.00 789.50
590.00 290.50 1330.00 789.50
802.00 290.50 1118.00 789.50
607.00 290.50 1313.00 789.50
663.00 290.50 1257.00 789.50
553.00 290.50 1367.00 789.50
