456.00 240.00 95.00 183.00
517.00 540.00 1403.00 540.00
517.00 540.00 1403.00 540.00
517.00 540.00 1403.00 540.00
517.00 540.00 1403.00 540.00
517.00 540.00 1403.00 540.00
517.00 540.00 1403.00 540.00
517.00 540.00 1403.00 540.00
517.00 540.00 1403.00 540.00
517.00 540.00 1403.00 540.00
517.00 540.00 1403.00 540.00
517.00 540.00 1403.00 540.00
528.00 540.00 1392.00 540.00
517.00 540.00 1403.00 540.00
517.00 540.00 1403.00 540.00
523.00 540.00 1397.00 540.00
524.00 536.00 1396.00 544.00
518.00 494.50 1402.00 585.50
561.00 452.00 1359.00 628.00
517.00 540.00 1403.00 540.00
517.00 540.00 1403.00 540.00
520.00 507.50 1400.00 572.50
595.00 290.50 1325.00 789.50
616.00 483.00 1304.00 597.00
525.00 291.50 1395.00 788.50
532.00 290.50 1388.00 789.50
530.00 305.00 1390.00 775.00
520.00 434.50 1400.00 645.50
575.00 308.50 1345.00 771.50
621.00 515.00 1299.00 565.00
517.00 540.00 1403.00 540.00
522.00 444.00 1398.00 636.00
529.00 523.00 1391.00 557.00
518.00 477.00 1402.00 603.00
585.00 300.00 1335.00 780.00
531.00 465.50 1389.00 614.50
542.00 528.00 1378.00 552.00
517.00 388.00 1403.00 692.00
517.00 448.00 1403.00 632.00
529.00 404.50 1391.00 675.50
606.00 296.00 1314.00 784.00
517.00 290.50 1403.00 789.50
517.00 290.50 1403.00 789.50
518.00 529.50 1402.00 550.50
517.00 300.00 1403.00 780.00
517.00 538.50 1403.00 541.50
525.00 540.00 1395.00 540.00
524.00 540.00 1396.00 540.00
517.00 533.00 1403.00 547.00
711.00 540.00 1209.00 540.00
598.00 540.00 1322.00 540.00
838.00 540.00 1082.00 540.00
584.00 455.50 1336.00 624.50
518.00 437.00 1402.00 643.00
582.00 292.50 1338.00 787.50
814.00 532.00 1106.00 548.00
547.00 540.00 1373.00 540.00
545.00 421.00 1375.00 659.00
553.00 540.00 1367.00 540.00
878.00 540.00 1042.00 540.00
842.00 539.00 1078.00 541.00
948.00 540.00 972.00 540.00
959.00 540.00 961.00 540.00
958.00 540.00 962.00 540.00
948.00 540.00 972.00 540.00
830.00 335.00 1090.00 745.00
844.00 310.50 1076.00 769.50
944.00 530.50 976.00 549.50
795.00 291.00 1125.00 789.00
531.00 290.50 1389.00 789.50
636.00 540.00 1284.00 540.00
791.00 290.50 1129.00 789.50
649.00 290.50 1271.00 789.50
571.00 291.00 1349.00 789.00
943.00 296.50 977.00 783.50
795.00 540.00 1125.00 540.00
721.00 290.50 1199.00 789.50
912.00 347.50 1008.00 732.50
771.00 292.50 1149.00 787.50
958.00 495.00 962.00 585.00
622.00 297.50 1298.00 782.50
696.00 537.50 1224.00 542.50
835.00 293.00 1085.00 787.00
598.00 531.50 1322.00 548.50
537.00 540.00 1383.00 540.00
576.00 315.00 1344.00 765.00
881.00 540.00 1039.00 540.00
613.00 540.00 1307.00 540.00
859.00 461.50 1061.00 618.50
900.00 540.00 1020.00 540.00
797.00 540.00 1123.00 540.00
933.00 540.00 987.00 540.00
668.00 540.00 1252.00 540.00
630.00 540.00 1290.00 540.00
518.00 540.00 1402.00 540.00
679.00 401.50 1241.00 678.50
738.00 327.50 1182.00 752.50
892.00 298.50 1028.00 781.50
517.00 291.00 1403.00 789.00
527.00 299.00 1393.00 781.00
790.00 290.50 1130.00 789.50
518.00 502.00 1402.00 578.00
536.00 507.50 1384.00 572.50
715.00 540.00 1205.00 540.00
661.00 292.00 1259.00 788.00
627.00 447.50 1293.00 632.50
676.00 407.00 1244.00 673.00
534.00 539.50 1386.00 540.50
698.00 312.00 1222.00 768.00
775.00 313.00 1145.00 767.00
570.00 293.00 1350.00 787.00
592.00 539.50 1328.00 540.50
665.00 292.50 1255.00 787.50
715.00 540.00 1205.00 540.00
517.00 292.50 1403.00 787.50
527.00 290.50 1393.00 789.50
527.00 295.00 1393.00 785.00
529.00 292.00 1391.00 788.00
532.00 520.00 1388.00 560.00
517.00 402.00 1403.00 678.00
529.00 540.00 1391.00 540.00
822.00 540.00 1098.00 540.00
557.00 540.00 1363.00 540.00
882.00 540.00 1038.00 540.00
591.00 540.00 1329.00 540.00
959.00 540.00 961.00 540.00
517.00 540.00 1403.00 540.00
527.00 540.00 1393.00 540.00
523.00 371.00 1397.00 709.00
620.00 296.00 1300.00 784.00
678.00 540.00 1242.00 540.00
892.00 540.00 1028.00 540.00
789.00 540.00 1131.00 540.00
575.00 538.50 1345.00 541.50
652.00 537.50 1268.00 542.50
517.00 540.00 1403.00 540.00
567.00 540.00 1353.00 540.00
916.00 540.00 1004.00 540.00
786.00 540.00 1134.00 540.00
634.00 540.00 1286.00 540.00
522.00 540.00 1398.00 540.00
562.00 540.00 1358.00 540.00
599.00 369.00 1321.00 711.00
793.00 304.00 1127.00 776.00
517.00 297.00 1403.00 783.00
603.00 501.00 1317.00 579.00
628.00 509.50 1292.00 570.50
726.00 534.00 1194.00 546.00
596.00 539.00 1324.00 541.00
611.00 538.00 1309.00 542.00
646.00 540.00 1274.00 540.00
518.00 540.00 1402.00 540.00
517.00 534.00 1403.00 546.00
746.00 292.00 1174.00 788.00
517.00 317.50 1403.00 762.50
538.00 290.50 1382.00 789.50
603.00 300.50 1317.00 779.50
718.00 292.00 1202.00 788.00
805.00 291.50 1115.00 788.50
696.00 540.00 1224.00 540.00
518.00 537.00 1402.00 543.00
650.00 290.50 1270.00 789.50
548.00 297.50 1372.00 782.50
600.00 539.50 1320.00 540.50
528.00 303.00 1392.00 777.00
518.00 343.00 1402.00 737.00
673.00 461.50 1247.00 618.50
931.00 530.50 989.00 549.50
543.00 298.00 1377.00 782.00
929.00 540.00 991.00 540.00
702.00 540.00 1218.00 540.00
544.00 540.00 1376.00 540.00
678.00 540.00 1242.00 540.00
616.00 293.00 1304.00 787.00
590.00 536.00 1330.00 544.00
518.00 540.00 1402.00 540.00
635.00 537.50 1285.00 542.50
536.00 470.50 1384.00 609.50
517.00 445.50 1403.00 634.50
554.00 370.00 1366.00 710.00
636.00 540.00 1284.00 540.00
704.00 539.00 1216.00 541.00
663.00 293.00 1257.00 787.00
675.00 301.00 1245.00 779.00
721.00 294.50 1199.00 785.50
529.00 449.50 1391.00 630.50
645.00 292.00 1275.00 788.00
666.00 291.50 1254.00 788.50
699.00 540.00 1221.00 540.00
540.00 540.00 1380.00 540.00
530.00 394.00 1390.00 686.00
612.00 539.50 1308.00 540.50
908.50 540.00 1011.50 540.00
711.00 540.00 1209.00 540.00
635.00 302.50 1285.00 777.50
641.00 319.50 1279.00 760.50
621.00 540.00 1299.00 540.00
614.00 540.00 1306.00 540.00
646.00 510.50 1274.00 569.50
517.00 487.50 1403.00 592.50
629.00 484.00 1291.00 596.00
613.00 444.00 1307.00 636.00
608.00 540.00 1312.00 540.00
664.00 490.50 1256.00 589.50
638.00 539.00 1282.00 541.00
564.00 539.50 1356.00 540.50
951.50 392.50 968.50 687.50
622.00 298.50 1298.00 781.50
827.00 314.00 1093.00 766.00
908.50 292.00 1011.50 788.00
617.00 296.00 1303.00 784.00
517.00 517.50 1403.00 562.50
517.00 539.00 1403.00 541.00
544.00 540.00 1376.00 540.00
654.00 540.00 1266.00 540.00
795.00 540.00 1125.00 540.00
626.00 512.50 1294.00 567.50
527.00 540.00 1393.00 540.00
666.00 497.00 1254.00 583.00
657.00 422.50 1263.00 657.50
526.00 524.50 1394.00 555.50
533.00 349.50 1387.00 730.50
517.00 538.00 1403.00 542.00
723.00 539.00 1197.00 541.00
550.00 372.50 1370.00 707.50
520.00 540.00 1400.00 540.00
649.00 540.00 1271.00 540.00
677.00 540.00 1243.00 540.00
957.00 540.00 963.00 540.00
525.00 518.00 1395.00 562.00
571.00 509.00 1349.00 571.00
669.00 522.50 1251.00 557.50
712.00 311.50 1208.00 768.50
901.00 540.00 1019.00 540.00
776.00 540.00 1144.00 540.00
944.00 540.00 976.00 540.00
957.00 309.50 963.00 770.50
919.50 540.00 1000.50 540.00
639.00 347.50 1281.00 732.50
802.00 522.50 1118.00 557.50
593.00 518.00 1327.00 562.00
939.50 526.50 980.50 553.50
723.00 432.00 1197.00 648.00
518.00 538.00 1402.00 542.00
730.00 444.00 1190.00 636.00
849.00 521.00 1071.00 559.00
610.00 365.00 1310.00 715.00
720.00 540.00 1200.00 540.00
522.00 536.00 1398.00 544.00
527.00 375.50 1393.00 704.50
820.00 537.00 1100.00 543.00
941.00 310.50 979.00 769.50
715.00 292.00 1205.00 788.00
955.50 367.50 964.50 712.50
774.00 295.00 1146.00 785.00
705.00 292.50 1215.00 787.50
942.00 540.00 978.00 540.00
861.00 539.00 1059.00 541.00
536.00 508.00 1384.00 572.00
663.00 502.00 1257.00 578.00
906.50 540.00 1013.50 540.00
761.00 397.50 1159.00 682.50
792.00 309.50 1128.00 770.50
752.00 461.50 1168.00 618.50
576.00 295.00 1344.00 785.00
529.00 368.50 1391.00 711.50
726.00 342.00 1194.00 738.00
676.00 540.00 1244.00 540.00
524.00 538.00 1396.00 542.00
561.00 540.00 1359.00 540.00
661.00 530.50 1259.00 549.50
849.00 469.00 1071.00 611.00
893.00 291.00 1027.00 789.00
828.00 290.50 1092.00 789.50
761.00 290.50 1159.00 789.50
956.00 291.50 964.00 788.50
947.00 297.00 973.00 783.00
812.00 291.00 1108.00 789.00
844.00 540.00 1076.00 540.00
941.00 391.50 979.00 688.50
865.00 523.50 1055.00 556.50
933.00 486.50 987.00 593.50
793.00 539.50 1127.00 540.50
931.00 315.00 989.00 765.00
921.50 538.00 998.50 542.00
904.50 388.00 1015.50 692.00
949.50 291.50 970.50 788.50
590.00 321.00 1330.00 759.00
905.50 294.50 1014.50 785.50
906.50 368.50 1013.50 711.50
832.00 291.50 1088.00 788.50
688.00 310.50 1232.00 769.50
881.00 320.50 1039.00 759.50
950.50 299.00 969.50 781.00
686.00 317.00 1234.00 763.00
583.00 293.50 1337.00 786.50
905.50 334.00 1014.50 746.00
955.50 540.00 964.50 540.00
838.00 527.00 1082.00 553.00
627.00 389.00 1293.00 691.00
